Energy_h	t01	t02	t03	t04	t05	t06	t07	t08	t09	t11	t12	t13	B0	B1	Num_spec_correction	Num_spec_unper	Num_spec_total
3.978873577297383e-25	0.0	0.0	0.0	0.0	0.0	0.0	0.0	0.0	0.0	0.0	0.0	0.0	0.0	0.0	0.0	0.0	0.0
4.376760935027122e-24	0.0	0.0	0.0	0.0	0.0	0.0	0.0	0.0	0.0	0.0	0.0	0.0	0.0	0.0	0.0	0.0	0.0
8.355634512324505e-24	0.0	0.0	0.0	0.0	0.0	0.0	0.0	0.0	0.0	0.0	0.0	0.0	0.0	0.0	0.0	0.0	0.0
1.233450808962189e-23	0.0	0.0	0.0	0.0	0.0	0.0	0.0	0.0	0.0	0.0	0.0	0.0	0.0	0.0	0.0	0.0	0.0
1.6313381666919274e-23	0.0	0.0	0.0	0.0	0.0	0.0	0.0	0.0	0.0	0.0	0.0	0.0	0.0	0.0	0.0	0.0	0.0
2.0292255244216656e-23	0.0	0.0	0.0	0.0	0.0	0.0	0.0	0.0	0.0	0.0	0.0	0.0	0.0	0.0	0.0	0.0	0.0
2.4271128821514042e-23	0.0	0.0	0.0	0.0	0.0	0.0	0.0	0.0	0.0	0.0	0.0	0.0	0.0	0.0	0.0	0.0	0.0
2.825000239881142e-23	0.0	0.0	0.0	0.0	0.0	0.0	0.0	0.0	0.0	0.0	0.0	0.0	0.0	0.0	0.0	0.0	0.0
3.222887597610881e-23	0.0	0.0	0.0	0.0	0.0	0.0	0.0	0.0	0.0	0.0	0.0	0.0	0.0	0.0	0.0	0.0	0.0
3.6207749553406193e-23	0.0	0.0	0.0	0.0	0.0	0.0	0.0	0.0	0.0	0.0	0.0	0.0	0.0	0.0	0.0	0.0	0.0
4.018662313070357e-23	0.0	0.0	0.0	0.0	0.0	0.0	0.0	0.0	0.0	0.0	0.0	0.0	0.0	0.0	0.0	0.0	0.0
4.416549670800096e-23	1.772897585865847e-05	-3.026204187415921e-06	-6.574192663480025e-06	-5.027947945558013e-09	7.464539065781253e-09	1.5002158418001554e-06	-4.3944969993520835e-06	6.764612478784321e-06	3.685138610300526e-05	2.98825894213583e-06	-1.4464116131610792e-05	1.022336346192129e-05	4.885273302312039e-05	-1.2524937275536708e-06	4.7600239295566725e-05	0.00015842064960608365	0.00020602088890165038
4.8144370285298344e-23	2.284407470262324e-05	-4.968090570213249e-06	-1.0805497887417476e-05	-9.633700157111867e-09	1.8233050114370688e-08	2.2823512504193e-06	-5.247307967250493e-06	1.3728693575350282e-05	3.6272089965844386e-05	5.471374759593517e-06	-1.9087485929280367e-05	1.2349666548392388e-05	5.4114912419313244e-05	-1.2664446212944624e-06	5.284846779801878e-05	0.0002641811059750917	0.0003170295737731105
5.2123243862595724e-23	2.8534981490963954e-05	-6.9204733511396356e-06	-1.4817828200256612e-05	-1.5137750368062894e-08	3.14389942106304e-08	2.941019084435588e-06	-6.063308164109998e-06	1.898034971859914e-05	3.629894416844725e-05	8.065314494602401e-06	-2.43753727536483e-05	1.5070448775207191e-05	5.8969985990782263e-05	-1.2396094838387074e-06	5.7730376506943554e-05	0.00035810857559618253	0.0004158389521031261
5.61021174398931e-23	3.468231309783223e-05	-9.005475663642171e-06	-1.8914963770341368e-05	-2.179035601801314e-08	4.751848333159739e-08	3.5343620379596212e-06	-6.805850983335611e-06	2.2191027357523797e-05	3.755465163949822e-05	1.0920141758654439e-05	-3.023803101844665e-05	1.8030342486157312e-05	6.32617918428083e-05	-1.2875467736348992e-06	6.19742450691734e-05	0.0004496437357501315	0.0005116179808193049
6.008099101719048e-23	4.127825554072266e-05	-1.1250566100525395e-05	-2.317286607286094e-05	-2.9757883710193183e-08	6.679423883436986e-08	4.071327705014933e-06	-7.468837740964078e-06	2.2531642161152617e-05	3.8246269326138146e-05	1.4069956079681205e-05	-3.667360011273019e-05	2.119602049245291e-05	6.427226117380212e-05	-1.4076235405960748e-06	6.286463763320604e-05	0.0005412667323389813	0.0006041313699721874
6.405986459448787e-23	4.832092595291346e-05	-1.3661222534994267e-05	-2.7617978963843336e-05	-3.91939349762863e-08	8.95757998084495e-08	4.551608243701044e-06	-8.0497160611783e-06	1.965793676054656e-05	3.947414285024368e-05	1.7522337762581405e-05	-4.368280626340349e-05	2.4527967744875223e-05	6.2726078112221e-05	-1.6325007559468565e-06	6.109357735627415e-05	0.0006339589599844838	0.000695052537340758
6.803873817178525e-23	5.575590550003267e-05	-1.6230338005536323e-05	-3.2253433606477896e-05	-5.019485186535241e-08	1.1612891164628831e-07	4.971797754102481e-06	-8.53978166223201e-06	1.530316690834201e-05	4.011969423807235e-05	2.1272862191678244e-05	-5.121606218587452e-05	2.7985321970804253e-05	5.9192945186084224e-05	-1.9578780233920233e-06	5.72350671626922e-05	0.0007281333075778693	0.0007853683747405614
7.201761174908264e-23	6.356942769949956e-05	-1.8946683070222836e-05	-3.7076202111887545e-05	-6.288021633137498e-08	1.4671421924771844e-07	5.329251991749581e-06	-8.940285165649169e-06	1.0204396253359617e-05	3.961321490038825e-05	2.531036274350307e-05	-5.925707859429851e-05	3.153199596743375e-05	5.3836954500153786e-05	-2.414719883361682e-06	5.14222346167921e-05	0.0008239469327378327	0.0008753691673546248
7.599648532638001e-23	7.169302394324374e-05	-2.1791315649581307e-05	-4.2072767341008774e-05	-7.729443964774483e-08	1.815205346393031e-07	5.621324923741197e-06	-9.247027321140057e-06	5.909603177652432e-06	3.9009528974791757e-05	2.961808180823285e-05	-6.773614151901435e-05	3.5127143891338654e-05	4.9226596802690545e-05	-2.990915819442855e-06	4.623568098324769e-05	0.0009213865243575629	0.0009676222053408106
7.99753589036774e-23	8.006821334216279e-05	-2.4742326376096072e-05	-4.722737210537359e-05	-9.346526754286479e-08	2.2069962521787326e-07	5.846957017140176e-06	-9.46061810709779e-06	3.2277531787533554e-06	3.834048224428954e-05	3.4176025266151434e-05	-7.658915417912867e-05	3.8723278698551076e-05	4.618032355145344e-05	-3.689850214426167e-06	4.249047333702727e-05	0.0010203622068174808	0.001062852680154508
8.395423248097479e-23	8.864324576789834e-05	-2.7776104705563257e-05	-5.2524188928838944e-05	-1.114054167722969e-07	2.6437580949214523e-07	6.006786339308739e-06	-9.584875982339463e-06	2.2476051223935176e-06	3.754192795901489e-05	3.896287414123918e-05	-8.575584046586685e-05	4.225789822120172e-05	4.4707365964593676e-05	-4.535068103425961e-06	4.017229786116772e-05	0.0011207641741127266	0.0011609364719738944
8.793310605827217e-23	9.73371764666801e-05	-3.086185498620028e-05	-5.793692313491836e-05	-1.3104236563643537e-07	3.125296832458866e-07	6.101763589859734e-06	-9.622371039746516e-06	2.458434848097384e-06	3.656920414586043e-05	4.39501492538631e-05	-9.514561052915463e-05	4.569941951545499e-05	4.422691720724194e-05	-5.496041759836533e-06	3.873087544740541e-05	0.001222291879331907	0.0012610227547793123
9.191197963556956e-23	0.00010605407723815561	-3.396898470134287e-05	-6.344284908085643e-05	-1.5225009310903924e-07	3.651182357567888e-07	6.134672591946258e-06	-9.57648641278561e-06	3.0023891974622055e-06	3.524415259764956e-05	4.9112372297583224e-05	-0.00010465073982417081	4.8961520032644274e-05	4.365983957287644e-05	-6.576847493943316e-06	3.7082992078933125e-05	0.0013247467274074413	0.0013618297194863743
9.589085321286694e-23	0.00011472097329737375	-3.706306503875709e-05	-6.901206746236814e-05	-1.7487555058524483e-07	4.2195415115014126e-07	6.1089803396692215e-06	-9.454536068300254e-06	3.0644578628791303e-06	3.334417602759225e-05	5.441644781473448e-05	-0.00011418413789599241	5.200954654093319e-05	4.195599755865378e-05	-7.758143540324737e-06	3.419785401832904e-05	0.0014277277531761388	0.0014619256071944679
9.986972679016432e-23	0.00012323729259361335	-4.010833139436986e-05	-7.461360687460576e-05	-1.9867783582874038e-07	4.82756147890843e-07	6.02909315749251e-06	-9.262528403616854e-06	2.2403502135462692e-06	3.102438146298329e-05	5.982964254063588e-05	-0.00012363019527879892	5.4777716271784846e-05	3.883072906710506e-05	-9.022836466378185e-06	2.9807892600726874e-05	0.0015308531072806013	0.001560660999881328
1.038486003674617e-22	0.00013150567646129835	-4.306728349278833e-05	-8.021219349919713e-05	-2.233600272693736e-07	5.471005692046655e-07	5.9000114363444525e-06	-9.007823713745454e-06	6.80700348095711e-07	2.8918558694726692e-05	6.531512846543532e-05	-0.0001328753216911041	5.721638380363728e-05	3.5041386776669576e-05	-1.0343809422031503e-05	2.4697577354638074e-05	0.0016336369615763647	0.0016583345389310027
1.0782747394475908e-22	0.00013940916750982608	-4.5901466233218624e-05	-8.576975182324602e-05	-2.485332354933801e-07	6.144278851010306e-07	5.7272041010988195e-06	-8.697159605276757e-06	-9.180995813026955e-07	2.7232477542980524e-05	7.083476966451167e-05	-0.00014178534325006025	5.926383637961849e-05	3.1448266560468984e-05	-1.1686737205930095e-05	1.976152935453889e-05	0.0017355612009660717	0.0017553227303206105
1.1180634752205646e-22	0.00014685141732039136	-4.857230659312009e-05	-9.124386348132508e-05	-2.737815120295791e-07	6.840133313385547e-07	5.516471568993655e-06	-8.3391311359826e-06	-1.4749867465220794e-06	2.52125971140977e-05	7.634509925552858e-05	-0.0001502464261382023	6.088990046244181e-05	2.8360429865841856e-05	-1.3011426420231893e-05	1.5349003445609962e-05	0.0018359746050057553	0.0018513236084513652
1.1578522109935385e-22	0.00015371762242580582	-5.104379119257559e-05	-9.659435951297822e-05	-2.986164339657465e-07	7.550595728615744e-07	5.27399104927911e-06	-7.941273030950764e-06	-7.251537440267314e-08	2.2613345665947134e-05	8.180580836782008e-05	-0.00015812586822002965	6.202295466587645e-05	2.6409463169020624e-05	-1.4297105186333112e-05	1.2112357982687512e-05	0.0019342989037068558	0.0019464112616895432
1.1976409467665123e-22	0.00015991106767627324	-5.327832035893772e-05	-0.00010177146165538594	-3.225157195393156e-07	8.265201964387672e-07	5.005620277351437e-06	-7.512005610730469e-06	3.729730417441788e-06	2.0361735716980163e-05	8.716679674259162e-05	-0.0001653096274194574	6.265671906092357e-05	2.6950370939891933e-05	-1.5486111615942214e-05	1.1464259323949718e-05	0.0020297156411055286	0.002041179900429478
1.2374296825394862e-22	0.00016533479971127894	-5.52421877919535e-05	-0.00010672757647517529	-3.44933129107662e-07	8.972789182753601e-07	4.717312075988648e-06	-7.05924112017867e-06	9.718474834676936e-06	1.8510054017191494e-05	9.237985850788996e-05	-0.00017168395438712513	6.276198864746262e-05	2.980398104099627e-05	-1.6542107231772566e-05	1.3261873809223702e-05	0.0021214474426730816	0.0021347093164823055
1.27721841831246e-22	0.00016987577506971432	-5.690417167954933e-05	-0.00011141506291412239	-3.6526748690615254e-07	9.66131806178302e-07	4.414754749939507e-06	-6.589674032266102e-06	1.6772257504813006e-05	1.6204594232445056e-05	9.739809432673625e-05	-0.00017711896752794698	6.229198831276632e-05	3.2959337250246204e-05	-1.742888488844444e-05	1.5530452361801763e-05	0.002208736961313651	0.0022242674136754527
1.317007154085434e-22	0.00017347364663912937	-5.8237043571188526e-05	-0.00011578441876805263	-3.830170974201867e-07	1.0317742932792187e-06	4.103349384791974e-06	-6.111427860723773e-06	2.3593045992295997e-05	1.3944397666526057e-05	0.00010216920863996205	-0.0001815403956912365	6.125031508276645e-05	3.5630306678637505e-05	-1.8120871968507997e-05	1.7509434710129507e-05	0.0022906920930332287	0.0023082015277433583
1.3567958898584078e-22	0.00017603094262882673	-5.921447639424827e-05	-0.00011978324318351375	-3.9759811625504375e-07	1.0927963243460946e-06	3.7878787002564405e-06	-5.630243639497618e-06	2.8580269535582578e-05	1.2204994241763365e-05	0.00010664129620714528	-0.00018483628232453586	5.963293779948667e-05	3.6671320097260535e-05	-1.8562048317903904e-05	1.810927177935663e-05	0.0023664191984896226	0.002384528470268979
1.3965846256313816e-22	0.0001774882121188019	-5.98169315293863e-05	-0.00012336442994041226	-4.085485942834432e-07	1.1478547810862936e-06	3.4728556979729935e-06	-5.1523116701247535e-06	3.0324861571494964e-05	1.0263297703538906e-05	0.00011076486010380594	-0.0001869354253762747	5.743934349403318e-05	3.395486013868832e-05	-1.873122177843559e-05	1.5223638360252733e-05	0.0024350651256573467	0.0024502887640175993
1.4363733614043555e-22	0.00017780431714119812	-6.003011589814375e-05	-0.0001264842884356927	-4.1549710031276294e-07	1.1956737360047326e-06	3.162304819568026e-06	-4.68324473993727e-06	2.8899102205960528e-05	8.386698273889649e-06	0.00011449271531618443	-0.00018778711357686219	5.4674810910646715e-05	2.7834950002534597e-05	-1.8619587350031058e-05	9.21536265250354e-06	0.0024958118504469053	0.0025050272130994087
1.4761620971773293e-22	0.00017693968031789412	-5.98424885856382e-05	-0.0001290975121478717	-4.181202463822244e-07	1.23497917665131e-06	2.8595959866659942e-06	-4.227564826243247e-06	2.454230527781385e-05	6.956430291224525e-06	0.00011777672011682059	-0.00018734351167116827	5.137746649567968e-05	1.8947305244114446e-05	-1.818932505866799e-05	7.579801854464565e-07	0.0025478038765641454	0.002548561856749592
1.515950832950303e-22	0.0001748786882323407	-5.9249841774861954e-05	-0.00013116680067173827	-4.1623589868115496e-07	1.2647096018227654e-06	2.5676827016309657e-06	-3.7893179897790715e-06	1.8343261356504818e-05	5.44264373798825e-06	0.00012057517374056599	-0.00018558329471912252	4.758134951135105e-05	7.874789295227033e-06	-1.7426771467205513e-05	-9.55198217197848e-06	0.0025903086479051015	0.002580756665733123
1.5557395687232768e-22	0.00017164251087341273	-5.8254762475800835e-05	-0.00013265994573376268	-4.09832821297766e-07	1.2839921926095308e-06	2.2890358334386143e-06	-3.372220924373597e-06	1.2032783502347483e-05	4.114400376396937e-06	0.00012284918438043493	-0.00018252539458068654	4.334921573114093e-05	-3.3340391770295613e-06	-1.63269944691107e-05	-1.9661033646140263e-05	0.0026226354775708885	0.002602974443924748
1.5955283044962507e-22	0.00016725325120210113	-5.686569901396906e-05	-0.00013355062172678854	-3.989890833517153e-07	1.2921810555409632e-06	2.0256052899579775e-06	-2.978852597190645e-06	6.764244702747123e-06	3.1003767618865067e-06	0.00012456645201515824	-0.000178190989234921	3.875213448038797e-05	-1.3358503409066269e-05	-1.487240273937484e-05	-2.823090614844111e-05	0.0026442159504407466	0.0026159850442923054
1.6353170402692245e-22	0.00016176125618983428	-5.509940085632485e-05	-0.0001338222613383296	-3.8394609283131816e-07	1.2889504126953628e-06	1.7789288284532073e-06	-2.6112966519659442e-06	3.405076555844854e-06	2.0790225215543206e-06	0.00012570289133979984	-0.0001726324306622828	3.386914725223595e-05	-2.1603670431069665e-05	-1.306039207024699e-05	-3.4664062501316655e-05	0.0026546366499289663	0.0026199725874276494
1.6751057760421984e-22	0.00015525527080470267	-5.2980320447435796e-05	-0.0001334641951317449	-3.6511331294501244e-07	1.274229484929384e-06	1.5501170947097841e-06	-2.271257018508789e-06	2.058421980452848e-06	1.3070877175662824e-06	0.00012623816816058	-0.00016594413362762308	2.8820068318971755e-05	-2.7635758828273535e-05	-1.0885897148071351e-05	-3.8521655976344884e-05	0.002653543885225583	0.002615022229249238
1.7148945118151722e-22	0.00014782805956884527	-5.0541031550128113e-05	-0.00013247827225631697	-3.42989732578178e-07	1.2483280090113456e-06	1.3398914100382737e-06	-1.959532098018881e-06	2.2690851378947075e-06	7.034389402188449e-07	0.00012616497789347755	-0.0001582258552093755	2.3708406857674454e-05	-3.193302257103367e-05	-8.35247045822353e-06	-4.02854930292572e-05	0.0026408393205311007	0.0026005538275018433
1.754683247588146e-22	0.00013961818947274472	-4.7822825891020975e-05	-0.0001308759398374983	-3.1823527102978456e-07	1.211867402245638e-06	1.1486281736067123e-06	-1.6767033627603443e-06	3.1650801145107173e-06	1.6540868797923962e-07	0.0001254827530643532	-0.00014962727044029182	1.865989264323697e-05	-3.5384530511222366e-05	-5.484624732701662e-06	-4.086915524392403e-05	0.00261654653525469	0.002575677380010766
1.79447198336112e-22	0.0001307748524819285	-4.487339411758102e-05	-0.00012867694204456834	-2.9156031957008075e-07	1.1657335232582958e-06	9.76338258852893e-07	-1.422674775161769e-06	3.993049927682408e-06	-1.7124827655799727e-07	0.0001241993416454323	-0.0001403103143338555	1.3809513049091817e-05	-3.852584534171711e-05	-2.3014596393314166e-06	-4.082730498104853e-05	0.0025808470274888188	0.0025400197225077703
1.8342607191340938e-22	0.00012145179900786234	-4.1746513627098464e-05	-0.00012591368742236874	-2.6369874200005644e-07	1.1111245024414594e-06	8.227198784573414e-07	-1.1967563352800967e-06	4.198370874317713e-06	-4.3822328062486034e-07	0.00012233570897540326	-0.00013044251080079463	9.267769653717938e-06	-4.197486514429337e-05	1.1609678283265843e-06	-4.081389731596679e-05	0.0025341783307760843	0.0024933644334601173
1.8740494549070677e-22	0.0001118263690990953	-3.850059925541952e-05	-0.0001226268734101821	-2.35415468847433e-07	1.0494283002168146e-06	6.871906670575711e-07	-9.979849490916205e-07	3.6777851408235075e-06	-6.109295311738739e-07	0.0001199199338298353	-0.00012021726802661184	5.1462616734464486e-06	-4.573102940752137e-05	4.848927476669913e-06	-4.0882101930851454e-05	0.0024771095527163518	0.0024362274507855005
1.9138381906800415e-22	0.00010207387577740537	-3.51960571581863e-05	-0.00011886632472284538	-2.0742784093405012e-07	9.821922490198454e-07	5.689096750598141e-07	-8.249619444533826e-07	2.7084395124343983e-06	-6.875052493258834e-07	0.00011699008521762608	-0.00010982626792776274	1.5323675440430123e-06	-4.944885970182557e-05	8.696184833906342e-06	-4.075267486791923e-05	0.002410402321163705	0.0023696496462957857
1.9536269264530151e-22	9.237750595270276e-05	-3.1893624705294216e-05	-0.00011469023527455173	-1.8040576450435883e-07	9.110598884833977e-07	4.6682906017077215e-07	-6.760677828767084e-07	1.6723888916524035e-06	-7.307084709108523e-07	0.00011359240302457742	-9.94699729264923e-05	-1.5155005558123452e-06	-5.274325820512851e-05	1.2606929542272768e-05	-4.0136328662855744e-05	0.0023349742767494485	0.002294837948086593
1.993415662225989e-22	8.289136941124651e-05	-2.8650110631232655e-05	-0.00011016086679928543	-1.5487638098862334e-07	8.376545342045465e-07	3.797112186450571e-07	-5.492960096983024e-07	1.0034293397138555e-06	-7.131378301974057e-07	0.00010978024454193603	-8.93177247318059e-05	-3.961759970341364e-06	-5.5116123147592423e-05	1.6500759839788756e-05	-3.8615363307803664e-05	0.00225187883088022	0.002213263467572416
2.0332043979989629e-22	7.376701380735936e-05	-2.5517985612249733e-05	-0.00010534784691069116	-1.3127929686475942e-07	7.635894785447574e-07	3.0620905117268523e-07	-4.4259228861212714e-07	8.865681578036993e-07	-6.727219684532857e-07	0.00010561467863882378	-7.953613780640156e-05	-5.819258838285353e-06	-5.638904558199057e-05	2.0259281994136853e-05	-3.612976358785372e-05	0.002162318817077553	0.0021261890534896993
2.0729931337719367e-22	6.512124233805798e-05	-2.254145615751922e-05	-0.00010031799515347862	-1.0989237502440436e-07	6.902813436309407e-07	2.4489064317110486e-07	-3.537389689651598e-07	1.2711139677846347e-06	-6.139555783502279e-07	0.0001011573281005785	-7.025431591060929e-05	-7.1022557397322085e-06	-5.660950994069298e-05	2.3800756450237013e-05	-3.2808753490455964e-05	0.0020675014203067306	0.0020346926668162748
2.1127818695449106e-22	5.7055951736159855e-05	-1.975663187401964e-05	-9.514190941455193e-05	-9.088902325318166e-08	6.190291085847986e-07	1.943113812128e-07	-2.8057972783415583e-07	1.9674382208322367e-06	-5.414343205376021e-07	9.64747627986829e-05	-6.158512700859639e-05	-7.872205603147206e-06	-5.5974713913406815e-05	2.7017430186939316e-05	-2.89572837264675e-05	0.0019687300600927746	0.0019397727763663072
2.152570605317884e-22	4.964058432837353e-05	-1.7189633492499236e-05	-8.988515152700649e-05	-7.431051763927857e-08	5.50880209357918e-07	1.5304734004680627e-07	-2.2098666016183192e-07	2.617691900261409e-06	-4.6967799795259866e-07	9.16313857988539e-05	-5.360620444132435e-05	-8.191835792160988e-06	-5.487755641721976e-05	2.9833345565368557e-05	-2.50442108518512e-05	0.0018672605721043224	0.0018422163612524711
2.192359341090858e-22	4.291143793960609e-05	-1.4856556965552488e-05	-8.461087487784586e-05	-6.009041343285105e-08	4.866732623343918e-07	1.1973797694260662e-07	-1.729246143134071e-07	3.019117584889174e-06	-3.968516015733808e-07	8.669195949659525e-05	-4.635912858326611e-05	-8.143756365766641e-06	-5.3560331708945734e-05	3.218907454756249e-05	-2.137125716138324e-05	0.001764354498317314	0.0017429832411559308
2.232148076863832e-22	3.6885102039852835e-05	-1.2764520722151547e-05	-7.937571531118086e-05	-4.809209933777627e-08	4.2699966065497816e-07	9.312266283656178e-08	-1.3454633337656677e-07	3.010692416118838e-06	-3.3033640126591334e-07	8.171623130418117e-05	-3.986389803818359e-05	-7.807714458536642e-06	-5.223729408784944e-05	3.404461880746095e-05	-1.819267528038849e-05	0.0016611709816348019	0.0016429783063544134
2.2719368126368058e-22	3.1553714624648785e-05	-1.091230452112953e-05	-7.423035632946459e-05	-3.8121574271421516e-08	3.722355294722739e-07	7.205907505791032e-08	-1.0418200326479232e-07	2.6155292274332286e-06	-2.6995946049946485e-07	7.675987632882027e-05	-3.4113796041088146e-05	-7.264369148371036e-06	-5.094138543201761e-05	3.5381711139361095e-05	-1.5559674292656512e-05	0.0015587873578505234	0.0015432276835578669
2.3117255484097796e-22	2.689018669973305e-05	-9.29183952218988e-06	-6.921780761648344e-05	-2.995144691300074e-08	3.225515527458762e-07	5.553681071551553e-08	-8.036057904796805e-08	1.978666408271442e-06	-2.1748366432872133e-07	7.18722876318589e-05	-2.908103440482356e-05	-6.5841905834044555e-06	-4.95905013574971e-05	3.6207062643630884e-05	-1.3383438713866217e-05	0.0014581552992250382	0.001444771860511172
2.3515142841827535e-22	2.2856403120386433e-05	-7.889868227001675e-06	-6.437421040285877e-05	-2.334578673879327e-08	2.779529062914326e-07	4.268183318866102e-08	-6.182316086968774e-08	1.2567264927776539e-06	-1.726183449262913e-07	6.709655878093969e-05	-2.4725634588683743e-05	-5.831510184249037e-06	-4.808810156975106e-05	3.653941400800689e-05	-1.1548687561744171e-05	0.0013601013480048613	0.0013485526604431171
2.3913030199557273e-22	1.94000654159557e-05	-6.689321090338663e-06	-5.972739368354598e-05	-1.806598190802504e-08	2.3829853634315265e-07	3.275199137067949e-08	-4.7492919424341065e-08	6.217036865080293e-07	-1.3522874479028404e-07	6.246839543239143e-05	-2.0992035683485783e-05	-5.052806146957546e-06	-4.632468278982973e-05	3.64235536019481e-05	-9.90112918788163e-06	0.0012653054823080832	0.0012554043531202016
2.431091755728701e-22	1.6466241165656812e-05	-5.670934495031081e-06	-5.5299159337939246e-05	-1.3891928046880358e-08	2.0335112850472435e-07	2.512939530536387e-08	-3.6483112598797335e-08	1.7057852763889026e-07	-1.0454619580030884e-07	5.8017246385553395e-05	-1.7821613502941196e-05	-4.2893263201486275e-06	-4.425971485231051e-05	3.590630656246357e-05	-8.353408289846938e-06	0.00117432448159768	0.001165971073307833
2.470880491501675e-22	1.3996191018688017e-05	-4.814513622422212e-06	-5.1104024453029923e-05	-1.06229434318192e-08	1.7279331456161726e-07	1.9308207509001603e-08	-2.806528153393121e-08	-7.191305293577726e-08	-7.96920225677379e-08	5.3765225262166075e-05	-1.5151442732396925e-05	-3.5662742400398167e-06	-4.192053883516277e-05	3.504750828972934e-05	-6.873030545433431e-06	0.0010875703230726315	0.001080697292527198
2.510669227274649e-22	1.19327466266794e-05	-4.099975897383559e-06	-4.715090355890458e-05	-8.084577357671774e-09	1.4626375141163712e-07	1.4880731258756382e-08	-2.165476092722456e-08	-1.3655028092910072e-07	-6.000537590878194e-08	4.9728271567898854e-05	-1.292014617281306e-05	-2.900671852268443e-06	-3.938328334206112e-05	3.390745354281735e-05	-5.475829799243774e-06	0.0010053338004458352	0.0009998579706465914
2.5504579630476228e-22	1.0221013299761382e-05	-3.508102495934563e-06	-4.3443533219564244e-05	-6.127982484204903e-09	1.2337802144631916e-07	1.1522873713581485e-08	-1.6786203597881433e-08	-9.004669529443621e-08	-4.4396661722095255e-08	4.591654863623202e-05	-1.1068683471587565e-05	-2.300735934657647e-06	-3.6753079063676144e-05	3.2547129229986824e-05	-4.205949833689319e-06	0.000927792538298228	0.0009235865884645387
2.5902466988205966e-22	8.811490566133516e-06	-3.021095111670795e-06	-3.998170691993049e-05	-4.630314124945463e-09	1.0374953775249732e-07	8.980310620047169e-09	-1.3096231562489931e-08	7.830213067899046e-10	-3.234986644664531e-08	4.233539620436839e-05	-9.543754860590136e-06	-1.7708064751271716e-06	-3.41278750079225e-05	3.10208348686511e-05	-3.1070401392714055e-06	0.0008550301202819975	0.0008519230801427261
2.6300354345935705e-22	7.657175888162238e-06	-2.622783572328415e-06	-3.6761401729100854e-05	-3.4896650340933897e-09	8.700038510535382e-08	7.055396038112024e-09	-1.0299059555361212e-08	7.812065352739133e-08	-2.3035041562008515e-08	3.8985801898065366e-05	-8.294685953617145e-06	-1.3081361619259214e-06	-3.1591656744747624e-05	2.9382979782522304e-05	-2.2086769622253207e-06	0.0007870454156498033	0.000784836738687578
2.6698241703665443e-22	6.718114116523331e-06	-2.298897644495876e-06	-3.3776187545619534e-05	-2.625417668341371e-09	7.277412547223744e-08	5.5963481022961444e-09	-8.17715944792724e-09	1.2177496901580173e-07	-1.597183224245607e-08	3.586538030251212e-05	-7.278372736343601e-06	-9.096531482353866e-07	-2.9183600040360466e-05	2.767735441793314e-05	-1.506245622427327e-06	0.0007237721124677373	0.00072226586684531
2.709612906139518e-22	5.958877669790445e-06	-2.037025749448834e-06	-3.1017305355394376e-05	-1.9732465064584046e-09	6.07396390358367e-08	4.487479350278233e-09	-6.5635744912046226e-09	1.2306401957982527e-07	-1.0650220689803098e-08	3.296875713747725e-05	-6.456567462038058e-06	-5.689116802622442e-07	-2.6926349338774294e-05	2.5943277995176946e-05	-9.830713435973478e-07	0.0006650862076868533	0.000664103136343256
2.749401641912492e-22	5.34840753829656e-06	-1.8264755937166293e-06	-2.8474515178991005e-05	-1.4825903957628627e-09	5.059610212038646e-08	3.6411275640231605e-09	-5.331096177336113e-09	9.686696047109235e-08	-6.722964687727329e-09	3.028846389263182e-05	-5.795717926010212e-06	-2.787950567922095e-07	-2.4815015695516398e-05	2.42139509098294e-05	-6.010647856869976e-07	0.0006108237910482603	0.0006102227262625733
2.789190377685466e-22	4.861014066097355e-06	-1.6582139161727546e-06	-2.6136744400368226e-05	-1.1147095648309162e-09	4.2074330646423453e-08	2.991398869246954e-09	-4.384606786523389e-09	6.049106811370452e-08	-3.802583191662408e-09	2.7815516498487907e-05	-5.268061335493988e-06	-3.362624772262648e-08	-2.283768935235727e-05	2.2513828915271295e-05	-3.238604370859746e-07	0.0005607924471195168	0.0005604685866824309
2.8289791134584398e-22	4.475050251502963e-06	-1.5246960193099847e-06	-2.399204342227354e-05	-8.396630016562661e-10	3.4935194706362775e-08	2.4889998338140027e-09	-3.65266229833176e-09	2.7497338938481268e-08	-1.7708713459501677e-09	2.553955042730694e-05	-4.850194348294493e-06	1.7369893539754925e-07	-2.0983030853247836e-05	2.0863055014410003e-05	-1.1997583883783283e-07	0.000514773725328259	0.0005146537494894212
2.8687678492314136e-22	4.171715378232736e-06	-1.4195541201178216e-06	-2.202829506975882e-05	-6.344615889878949e-10	2.896973476057332e-08	2.0969971604474996e-09	-3.0812757253746456e-09	7.3124703057158575e-09	-2.632377995929169e-10	2.344966333617981e-05	-4.521782096251789e-06	3.4882674457793447e-07	-1.9241733584531128e-05	1.9276707984505955e-05	3.4974399974827e-08	0.000472539893006279	0.00047257486740625383
2.9085565850043875e-22	3.935984438884571e-06	-1.337555485889717e-06	-2.0233350209218603e-05	-4.818325086253794e-10	2.399628212503856e-08	1.7879640132898213e-09	-2.6306940563714987e-09	-5.8154185886394543e-11	6.91551639137732e-10	2.1534490252979913e-05	-4.266569841399907e-06	4.965352557988049e-07	-1.7611616139197166e-05	1.7764455667378807e-05	1.52839528181641e-07	0.00043385523198037054	0.00043400807150855217
2.9483453207773613e-22	3.754586425134609e-06	-1.2742781362537358e-06	-1.8595250153906792e-05	-3.685747462285831e-10	1.9858433073780097e-08	1.541378772232879e-09	-2.270791458146722e-09	3.967391851038775e-09	1.365213880790026e-09	1.9782641573338135e-05	-4.070194993040635e-06	6.204922304641699e-07	-1.6090848813652453e-05	1.633293881076167e-05	2.4208999710921707e-07	0.0003984846708465092	0.00039872676084361843
2.9881340565503347e-22	3.6167330796937033e-06	-1.2260588120729345e-06	-1.7102270721879776e-05	-2.8477787538858336e-10	1.642201044006922e-08	1.34199838534799e-09	-1.979370771365119e-09	1.2675922969257267e-08	1.7506391850805646e-09	1.81827005519896e-05	-3.920979438692753e-06	7.240780814124159e-07	-1.4681670031926005e-05	1.4985799194709268e-05	3.041291627832631e-07	0.0003661935624052398	0.00036649769156802303
3.0279227923233086e-22	3.5135805008097124e-06	-1.1898451807383832e-06	-1.5743200888902825e-05	-2.2304753012768857e-10	1.3572782368241494e-08	1.178485699501951e-09	-1.740018130629209e-09	2.402871848052383e-08	1.939032906182705e-09	1.6723563609597055e-05	-3.8093478652681723e-06	8.092142303669646e-07	-1.3380709615037801e-05	1.3723429974695843e-05	3.427203596580421e-07	0.0003367543890086739	0.00033709710936833195
3.0677115280962824e-22	3.4369378906629465e-06	-1.1629519265686725e-06	-1.4507190855498728e-05	-1.777069591441321e-10	1.1213902540379224e-08	1.042285372192954e-09	-1.5401625839957546e-09	3.45755398616295e-08	2.035111203952028e-09	1.539442854802005e-05	-3.7264292231807922e-06	8.778473876934271e-07	-1.218605592196944e-05	1.2545846712532687e-05	3.597907905632466e-07	0.00030994639450837146	0.0003103061852989347
3.1075002638692563e-22	3.3804029044470477e-06	-1.1431311816838368e-06	-1.338400443720145e-05	-1.4458320831956034e-10	9.263552449765947e-09	9.270646558899173e-10	-1.3707315947607618e-09	4.299052104899427e-08	1.965515578874949e-09	1.4184946192300126e-05	-3.6652886307944486e-06	9.308751153199676e-07	-1.1093101375507798e-05	1.1450532676825645e-05	3.574313013178467e-07	0.00028555852607581815	0.000285915957377136
3.14728899964223e-22	3.3379586580753455e-06	-1.1283666537089265e-06	-1.2363962007866536e-05	-1.205065974189738e-10	7.652940858278635e-09	8.280403616615845e-10	-1.2247634602453953e-09	4.9823725225333864e-08	1.9083301502770573e-09	1.308530202676779e-05	-3.6194070320424377e-06	9.684493466755232e-07	-1.0095502236962233e-05	1.0434344341400873e-05	3.388421044386397e-07	0.0002633909815853228	0.00026372982368976145
3.187077735415204e-22	3.3041195381737398e-06	-1.1168200753175994e-06	-1.1437836413517867e-05	-1.0306481881736922e-10	6.324314048408327e-09	7.416008033825411e-10	-1.0970154271648336e-09	5.267621720051603e-08	1.7309863200931442e-09	1.2086108443230662e-05	-3.5828397838727076e-06	9.909875779759607e-07	-9.190263912535314e-06	9.494256237333913e-06	3.0399232479859926e-07	0.00024325295908158927	0.0002435569514063879
3.226866471188178e-22	3.274569179083707e-06	-1.1069087731152055e-06	-1.059704194614501e-05	-9.048193003852605e-11	5.229323134392079e-09	6.650940811205732e-10	-9.837741971721436e-10	5.1783962745815974e-08	1.5867692927808905e-09	1.1178537525752945e-05	-3.5509088853501627e-06	9.98322433344021e-07	-8.371190647049607e-06	8.625951073746806e-06	2.547604266971995e-07	0.00022496526110769887	0.00022522002153439608
3.2666552069611517e-22	3.2448209191514283e-06	-1.0971115092245543e-06	-9.833428270741081e-06	-8.137696358670056e-11	4.327620501171524e-09	5.964925071739883e-10	-8.820941851039703e-10	4.540955061611008e-08	1.3897336631126811e-09	1.035424162662488e-05	-3.5187507800807e-06	9.905363408211764e-07	-7.634958934675332e-06	7.826027187365356e-06	1.9106825269002458e-07	0.0002083586380152914	0.00020854970626798142
3.3064439427341256e-22	3.2113027081580036e-06	-1.08610681653831e-06	-9.139416443980442e-06	-7.472532220475947e-11	3.585565197025631e-09	5.343287569206079e-10	-7.899275458075187e-10	3.414974765048382e-08	1.2022447653921796e-09	9.60539395953533e-06	-3.4824930310933036e-06	9.676796856030324e-07	-6.975613318858937e-06	7.090580614045058e-06	1.1496729518612047e-07	0.0001932745563056913	0.00019338952360087742
3.3462326785070994e-22	3.1704373985574333e-06	-1.0726806329516012e-06	-8.507913734290454e-06	-6.973761909357882e-11	2.9751841560894346e-09	4.775151625350446e-10	-7.056769196594811e-10	1.9233799140159893e-08	1.0244517559388237e-09	8.924687111038109e-06	-3.4382571836185115e-06	9.29831838336407e-07	-6.387221433008651e-06	6.4162617657560065e-06	2.904033274735521e-08	0.0001795651276867115	0.00017959416801945888
3.3860214142800733e-22	3.11941756432757e-06	-1.0557905594666883e-06	-7.932259075685106e-06	-6.58169641335778e-11	2.4732181259095567e-09	4.252793073200055e-10	-6.282608463885136e-10	3.917098384775191e-09	8.320053893840488e-10	8.305214362127986e-06	-3.3829991521636285e-06	8.779888528230657e-07	-5.861678547427358e-06	5.800204062787423e-06	-6.147448463993545e-08	0.00016709068706359498	0.00016702921257895505
3.425810150053047e-22	3.0559748816003273e-06	-1.0346140911496673e-06	-7.406354705670591e-06	-6.252238581736816e-11	2.0603872467156795e-09	3.77097577274147e-10	-5.569229792634949e-10	-8.723442862856598e-09	6.82654132954873e-10	7.74061927915887e-06	-3.3142592710520857e-06	8.130068635366138e-07	-5.391216664490922e-06	5.239366871643399e-06	-1.518497928475227e-07	0.00015572277389737602	0.0001555709241045285
3.465598885826021e-22	2.9783315915569257e-06	-1.008497879361689e-06	-6.9244414897674646e-06	-5.951796412126415e-11	1.7207051016780854e-09	3.326047338480659e-10	-4.91130029419628e-10	-1.5485695897198076e-08	5.158021263999376e-10	7.224880183460914e-06	-3.230109756174135e-06	7.370565585905968e-07	-4.968075009501039e-06	4.7318269858773755e-06	-2.3624802362366336e-07	0.00014533977216981894	0.00014510352414619527
3.505387621598995e-22	2.885568893519178e-06	-9.770849957680482e-07	-6.4813354172585646e-06	-5.657474428241446e-11	1.4409623795816805e-09	2.9158363651932844e-10	-4.305585875556289e-10	-1.547057599520273e-08	3.9379394267093504e-10	6.752510413400629e-06	-3.1295543209840803e-06	6.52226824179954e-07	-4.586682888875704e-06	4.275182916596504e-06	-3.114999722792005e-07	0.00013583091954991728	0.00013551941957763808
3.5451763573719687e-22	2.7773302884482005e-06	-9.402627266303809e-07	-6.072281418527232e-06	-5.353667382342212e-11	1.2102519288479648e-09	2.5389651670401885e-10	-3.749773685598641e-10	-9.5452287317367e-09	2.6899851897092143e-10	6.318440084881117e-06	-3.012206516321148e-06	5.612336131190981e-07	-4.243454452519011e-06	3.867467181679069e-06	-3.7598727083994166e-07	0.0001270939120645828	0.00012671792479374285
3.5849650931449426e-22	2.654078914346263e-06	-8.982016013363389e-07	-5.693000459480237e-06	-5.0315410778660014e-11	1.0195899019391148e-09	2.1946106330104753e-10	-3.24240671448776e-10	-5.083870590890954e-10	1.7400655717685664e-10	5.918039070254631e-06	-2.878568873207094e-06	4.671558236938826e-07	-3.936593032089212e-06	3.5066260207414215e-06	-4.2996701134779045e-07	0.00011903535266302845	0.00011860538565168065
3.6247538289179164e-22	2.5169627138981047e-06	-8.513388536400724e-07	-5.339688999560948e-06	-4.6876863969019175e-11	8.615976708978247e-10	1.8821824047448059e-10	-2.7823133604451997e-10	8.012838954072873e-09	9.286803121586412e-11	5.547126631185687e-06	-2.7298867099703002e-06	3.7321437372496245e-07	-3.6652347246062683e-06	3.190454294940349e-06	-4.7478042966591924e-07	0.0001115709335333962	0.00011109615310373029
3.6645425646908903e-22	2.367994616644122e-06	-8.003635455867567e-07	-5.008999111699945e-06	-4.3234488865978274e-11	7.302316941017672e-10	1.6011118608592466e-10	-2.3685638158220993e-10	1.3115450351703806e-08	2.6351080296170162e-11	5.201933661669394e-06	-2.568343583375817e-06	2.8280218711060075e-07	-3.42761598720084e-06	2.916392265404178e-06	-5.112237217966623e-07	0.00010462466718753656	0.0001041134434657399
3.704331300463864e-22	2.2095870559932166e-06	-7.461754551006281e-07	-4.69814521284459e-06	-3.94355153064695e-11	6.205772588732005e-10	1.350672383296302e-10	-1.9998166614958813e-10	1.3342992267315642e-08	-1.901460145735047e-11	4.879246317110138e-06	-2.396556442882145e-06	1.9837775323947168e-07	-3.220893406970396e-06	2.6810676274674652e-06	-5.398257795029308e-07	9.813176736075362e-05	9.75919415812507e-05
3.744120036236838e-22	2.044701056378599e-06	-6.898029736515143e-07	-4.4047141802489385e-06	-3.5550128972948596e-11	5.286343460640461e-10	1.1298178074086622e-10	-1.6744923931648027e-10	9.323169269777437e-09	-5.758268984942397e-11	4.576202591535837e-06	-2.217737328969895e-06	1.2250983205283516e-07	-3.0401118941834107e-06	2.4809750946187767e-06	-5.591367995646339e-07	9.203455104732181e-05	9.147541424775718e-05
3.783908772009812e-22	1.8764209891728737e-06	-6.323537377777448e-07	-4.126799346548769e-06	-3.166098371334517e-11	4.5118024967395215e-10	9.371678460132985e-11	-1.3904570429339003e-10	3.1107316276740646e-09	-7.776028156174706e-11	4.290459291101594e-06	-2.0352321386023475e-06	5.664025050713702e-08	-2.8793249334612597e-06	2.311867403006383e-06	-5.674575304548766e-07	8.628579140519832e-05	8.571833387474345e-05
3.8236975077827857e-22	1.7078085749844752e-06	-5.749206334359984e-07	-3.862835753537651e-06	-2.7851024918305668e-11	3.856154782203795e-10	7.709723438471745e-11	-1.1450912554912326e-10	-2.5549052553787787e-09	-9.317440267932211e-11	4.020039797298524e-06	-1.8523622517581407e-06	1.8530493362673658e-09	-2.7322755390850933e-06	2.1695305948766503e-06	-5.627449442084431e-07	8.08456515839623e-05	8.028290663975386e-05
3.863486243555759e-22	1.5419026015949884e-06	-5.185441387840014e-07	-3.6116515941695366e-06	-2.420025833739584e-11	3.2986023266945776e-10	6.292018003721143e-11	-9.354728174124972e-11	-5.642882373830553e-09	-9.737233584264078e-11	3.7633816873771647e-06	-1.6724242056742686e-06	-4.165139219207522e-08	-2.5937583531955944e-06	2.0493060895108214e-06	-5.44452263684773e-07	7.568263892379722e-05	7.513818666011245e-05
3.903274979328733e-22	1.381374632954059e-06	-4.6414187736299137e-07	-3.3724144256448756e-06	-2.0775832847135814e-11	2.8225482307489736e-10	5.095983823310082e-11	-7.583309249597656e-11	-5.257906114676955e-09	-9.736324458508896e-11	3.5193122181419153e-06	-1.4983162420110895e-06	-7.451456402905951e-08	-2.460300333677105e-06	1.9464814121017658e-06	-5.138189215753391e-07	7.07731090005492e-05	7.025929007897385e-05
3.943063715101707e-22	1.2284296957211556e-06	-4.124614395361734e-07	-3.144480861753197e-06	-1.7627069534031696e-11	2.414644202866984e-10	4.097636785860926e-11	-6.101974909086618e-11	-1.9899721371746156e-09	-9.248940976142193e-11	3.286906605831193e-06	-1.3324305635906286e-06	-9.75003974205881e-08	-2.33039127314563e-06	1.8569756448199763e-06	-4.734156283256538e-07	6.609841332133124e-05	6.562499769300558e-05
3.9828524508746807e-22	1.084796544315742e-06	-3.6407506949030367e-07	-2.9274453007619215e-06	-1.4786473050406333e-11	2.0642219872641496e-10	3.272756187218001e-11	-4.8757452786486465e-11	2.5361589999686963e-09	-8.471994939278458e-11	3.065534551237365e-06	-1.176642756589117e-06	-1.1195351165012024e-07	-2.204096781051146e-06	1.7769382829981276e-06	-4.2715849805301825e-07	6.164583317461084e-05	6.121867467655782e-05
4.0226411866476545e-22	9.518180670847852e-07	-3.1937724623987884e-07	-2.7210353176944827e-06	-1.227080065913111e-11	1.762657082941546e-10	2.597760403976537e-11	-3.870963438336514e-11	6.537660211509917e-09	-7.578091432533646e-11	2.8547458053324274e-06	-1.0324098379161253e-06	-1.1933094603425201e-07	-2.0819813546751014e-06	1.7030050213820503e-06	-3.7897633329305107e-07	5.7406276958468054e-05	5.7027300625175e-05
4.0624299224206284e-22	8.300832683218461e-07	-2.7857390193097667e-07	-2.5250519016690786e-06	-1.00778969870404e-11	1.5029007652821978e-10	2.0502545331335695e-11	-3.054632849592773e-11	8.65079231645801e-09	-6.575872358465968e-11	2.6542438139823735e-06	-9.003710675871117e-07	-1.2102435105843684e-07	-1.964827333288959e-06	1.6328483953368247e-06	-3.319789379521344e-07	5.337374910076093e-05	5.30417701628088e-05
4.102218658193602e-22	7.20005639846208e-07	-2.417363684918512e-07	-2.339361749526947e-06	-8.196947875867294e-12	1.2791503474958086e-10	1.609835201770946e-11	-2.3974266506305856e-11	8.367912133004478e-09	-5.617599677787025e-11	2.463820855636041e-06	-7.809752847076817e-07	-1.1841880556914319e-07	-1.8526688998639783e-06	1.5644267653592163e-06	-2.8824213450476197e-07	4.9544044870132246e-05	4.9255802735627483e-05
4.142007393966576e-22	6.214485689387629e-07	-2.0880132000930573e-07	-2.1638576489222264e-06	-6.605952008437801e-12	1.0865616560473768e-10	1.2581852628470059e-11	-1.8723479119319397e-11	6.146503191364988e-09	-4.6897941468182167e-11	2.2833526090119114e-06	-6.740745961814645e-07	-1.1280365412519897e-07	-1.7450148861557668e-06	1.4964743587052478e-06	-2.48540527450519e-07	4.59146404490502e-05	4.566609992159968e-05
4.18179612973955e-22	5.340011855783918e-07	-1.7961272791878436e-07	-1.998397075293242e-06	-5.277317159599153e-12	9.210048279913013e-11	9.793101595260392e-12	-1.455778753252757e-11	2.9681204874581507e-09	-3.8616904028508665e-11	2.112709313326333e-06	-5.792235811078387e-07	-1.0511449007101069e-07	-1.6409970555705017e-06	1.428371242147484e-06	-2.126258134230178e-07	4.248290593674987e-05	4.227028012332685e-05
4.221584865512524e-22	4.571515746614653e-07	-1.5395499416600772e-07	-1.8428227165871912e-06	-4.181777502958763e-12	7.789431998958905e-11	7.595364338865032e-12	-1.1276778601594517e-11	-9.910919932277702e-11	-3.1244403394282575e-11	1.951757487804463e-06	-4.958671746216884e-07	-9.616364555398092e-08	-1.5396864585662266e-06	1.3597266676287938e-06	-1.7995979093743276e-07	3.9246139497261077e-05	3.906617970632364e-05
4.261373601285498e-22	3.90084940931106e-07	-1.315608362773063e-07	-1.696951557748818e-06	-3.287866299422372e-12	6.573169060073331e-11	5.872905683679734e-12	-8.706740286612722e-12	-2.1756291412603877e-09	-2.4976981948234837e-11	1.8003677157846213e-06	-4.2312174409273467e-07	-8.662278130483548e-08	-1.4405684492285285e-06	1.2906231903870513e-06	-1.4994525884147715e-07	3.6201723506261705e-05	3.605177824742023e-05
4.301162337058471e-22	3.3203778339493187e-07	-1.121502909770832e-07	-1.5605422724367702e-06	-2.5663212139115597e-12	5.534378563383373e-11	4.530000811884008e-12	-6.705873944912735e-12	-2.9739957498421307e-09	-1.965541649148969e-11	1.6583468331760984e-06	-3.601592619583807e-07	-7.691830909061417e-08	-1.343597829593968e-06	1.2212692621271036e-06	-1.223285674668645e-07	3.3345760674842614e-05	3.322343210737575e-05
4.340951072831445e-22	2.821242161902039e-07	-9.543229664258112e-08	-1.4333161783902657e-06	-1.9892433611605527e-12	4.649477920082556e-11	3.4879049166162225e-12	-5.155604943846898e-12	-2.628631797197552e-09	-1.532449469892135e-11	1.5254751936842124e-06	-3.0601892269664584e-07	-6.735543169235619e-08	-1.2492253772987272e-06	1.1521008392952104e-06	-9.712453800351684e-08	3.067382311742715e-05	3.057669857942364e-05
4.380739808604419e-22	2.3951276156176434e-07	-8.112351481767757e-08	-1.3149608506068495e-06	-1.5319504426748803e-12	3.897722500582713e-11	2.682794007822006e-12	-3.960401635450228e-12	-1.5812742932360759e-09	-1.1753357926490415e-11	1.4014925397543042e-06	-2.5979891310901823e-07	-5.817199597307518e-08	-1.1581284638469902e-06	1.0835216306722108e-06	-7.460683317477932e-08	2.8180668006420068e-05	2.8106061173245287e-05
4.420528544377393e-22	2.0334188885101505e-07	-6.895007836812099e-08	-1.2051279306533936e-06	-1.1723965194527307e-12	3.2608249261050726e-11	2.0632248884233575e-12	-3.042346403846904e-12	-3.829002904343104e-10	-8.945489220487282e-12	1.2861042833416766e-06	-2.2056480204007492e-07	-4.9502237913148754e-08	-1.0710975092189281e-06	1.016037243388453e-06	-5.5060265830475226e-08	2.5860363655566817e-05	2.5805303389736342e-05
4.460317280150366e-22	1.728607787207117e-07	-5.8658938244715795e-08	-1.1034424903928872e-06	-8.92057956201357e-13	2.7226957212916694e-11	1.5882438114926553e-12	-2.340180970439774e-12	5.447839947343358e-10	-6.691879576698452e-12	1.1789769137812808e-06	-1.8750223055194654e-07	-4.1442205268123254e-08	-9.88676974839636e-07	9.50032477961211e-07	-3.864449687842514e-08	2.3706196998412052e-05	2.3667552501533628e-05
4.500106015923341e-22	1.4732497534418656e-07	-5.00144057307583e-08	-1.0095038912879555e-06	-6.75010215088532e-13	2.269198257986795e-11	1.2253190858852259e-12	-1.8046810861713817e-12	1.0102097451954408e-09	-4.9547698601472235e-12	1.0797496415392298e-06	-1.5980372925193123e-07	-3.400805308934307e-08	-9.111666290888276e-07	8.859378591979555e-07	-2.5228769890872146e-08	2.1710907552098204e-05	2.1685678782207332e-05
4.539894751696314e-22	1.2609123618054451e-07	-4.28025026290416e-08	-9.229056226376956e-07	-5.082430066760099e-13	1.8880025220362836e-11	9.488428865145408e-13	-1.397590855126284e-12	1.0027441617292847e-09	-3.6063981182115414e-12	9.880449042924385e-07	-1.367716044714021e-07	-2.7243580787957396e-08	-8.385998282883364e-07	8.24029719033079e-07	-1.4570109255257431e-08	1.9866898520300666e-05	1.9852328411045407e-05
4.5796834874692885e-22	1.0854518055894988e-07	-3.682850891888768e-08	-8.432263836830311e-07	-3.809182659898877e-13	1.568344294289475e-11	7.38720734769517e-13	-1.0886209880883108e-12	6.862815996669087e-10	-2.57428559986889e-12	9.034672802702214e-07	-1.1773946081853726e-07	-2.112457986376304e-08	-7.708110521044782e-07	7.646032395879213e-07	-6.2078125165569066e-09	1.81662148129699e-05	1.8160007000453344e-05
4.619472223242262e-22	9.415699877677848e-08	-3.191773539375345e-08	-7.700496310849668e-07	-2.843669925010947e-13	1.3009096139183328e-11	5.792942124355153e-13	-8.544560536453421e-13	2.714214033720661e-10	-1.8032253076300193e-12	8.256176324403963e-07	-1.0213263077838127e-07	-1.5657323329685618e-08	-7.075282999565719e-07	7.078276783323294e-07	2.993783757574635e-10	1.6600827332794372e-05	1.660112671117013e-05
4.659260959015236e-22	8.244963972162784e-08	-2.7914528105512115e-08	-7.029552174243951e-07	-2.116050071971267e-13	1.077635611649265e-11	4.584250457304063e-13	-6.770126959871341e-13	-8.302230956406377e-11	-1.2164966479080998e-12	7.540884585497886e-07	-8.943366922214086e-08	-1.0799414863957249e-08	-6.484939984510324e-07	6.538553744636904e-07	5.361376012658012e-09	1.5162539376322155e-05	1.5167900752334814e-05
4.69904969478821e-22	7.300587794003931e-08	-2.4680110633180195e-08	-6.415354420512759e-07	-1.5711419093399186e-13	8.91604804755543e-12	3.667381077282411e-13	-5.424213433786976e-13	-2.7500191230532446e-10	-7.922535447341655e-13	6.884793914654494e-07	-7.919002027084503e-08	-6.5324861084834416e-09	-5.93476885659646e-07	6.02756885086121e-07	9.279999426474985e-09	1.3843298213940801e-05	1.3852578213367276e-05
4.738838430561184e-22	6.544848976375037e-08	-2.209125864490694e-08	-5.853907016343863e-07	-1.1652319835921319e-13	7.36889124718076e-12	2.9702996012495007e-13	-4.3999671130659725e-13	-2.9684612731835184e-10	-4.773048418697621e-13	6.283951853781047e-07	-7.099251514859252e-08	-2.816618632550249e-09	-5.423236845464057e-07	5.54586051596962e-07	1.2262367050556262e-08	1.2635154520746577e-05	1.2647416887797134e-05
4.778627166334157e-22	5.946139837694929e-08	-2.0040029395776617e-08	-5.34138221119673e-07	-8.647013351650931e-14	6.0843932504391185e-12	2.43808577398105e-13	-3.6170603001813073e-13	-2.0462241037760004e-10	-2.530217110542214e-13	5.734524653885963e-07	-6.449830914193532e-08	3.6870104251231695e-10	-4.949158475449247e-07	5.093228572891735e-07	1.4407009744248819e-08	1.1530398024390715e-05	1.1544805034134964e-05
4.818415902107132e-22	5.475885348845691e-08	-1.8431436046188427e-08	-4.874066542289214e-07	-6.43254934992806e-14	5.019595474084008e-12	2.0289932538000423e-13	-3.0140175739828003e-13	-6.426023601332322e-11	-9.72692291684048e-14	5.232776540542205e-07	-5.9397451144339576e-08	3.071331159793813e-09	-4.5113873752434704e-07	4.6695153406967475e-07	1.581279654532771e-08	1.0521515756745537e-05	1.0537328553290866e-05
4.858204637880105e-22	5.1103568164709904e-08	-1.7183150728336368e-08	-4.4484397828590717e-07	-4.809851325168639e-14	4.138172670986929e-12	1.7115713505508083e-13	-2.545150320930294e-13	6.180687348163585e-11	1.3859520598845284e-14	4.775131033963974e-07	-5.5432557292870415e-08	5.3253933976531565e-09	-4.1085773340027076e-07	4.274059395011801e-07	1.654820610090934e-08	9.601315301089838e-06	9.617863507190747e-06
4.897993373653079e-22	4.828671554961745e-08	-1.6223448608337934e-08	-4.061162841602916e-07	-3.626575201736384e-14	3.409488038083853e-12	1.462197859156704e-13	-2.1760087453315126e-13	1.369254792515238e-10	8.128107484507264e-14	4.358179662812387e-07	-5.23771135931542e-08	7.1651775494209805e-09	-3.7391270861748826e-07	3.906060302375054e-07	1.669332162001716e-08	8.762942270689382e-06	8.7796355923094e-06
4.937782109426053e-22	4.612941688806567e-08	-1.549048225573269e-08	-3.709079869774504e-07	-2.7676797850330535e-14	2.8077749111688974e-12	1.2632771564399928e-13	-1.8809691535918628e-13	1.6199438207069392e-10	1.284537995733633e-13	3.978683073113577e-07	-5.0037090263274703e-08	8.626001875554844e-09	-3.4010421118033354e-07	3.564572189236379e-07	1.6353007743304353e-08	7.999882502680329e-06	8.016235510423633e-06
4.977570845199027e-22	4.447901409496601e-08	-1.4931219775535594e-08	-3.389223619660506e-07	-2.1468746907504838e-14	2.311428844728944e-12	1.101792248601999e-13	-1.64107935225723e-13	1.512373019016147e-10	1.5015590299269336e-13	3.633580174018426e-07	-4.8246898765293986e-08	9.741929958865914e-09	-3.0922094415742806e-07	3.248530485954146e-07	1.5632104437986547e-08	7.305980417036852e-06	7.3216125214748385e-06
5.017359580972e-22	4.32058009498959e-08	-1.4500511714413758e-08	-3.0988152321533233e-07	-1.6998229142586524e-14	1.9023828883857007e-12	9.681852399114245e-14	-1.4424049158437376e-13	1.2200595234941165e-10	1.6140519492109793e-13	3.319991069968049e-07	-4.6865846260739394e-08	1.0545175957963119e-08	-2.810522286596142e-07	2.9567843669402857e-07	1.4626208034414394e-08	6.675444886591645e-06	6.690071094626059e-06
5.057148316744975e-22	4.2200285679010855e-08	-1.416025793927762e-08	-2.835260362630686e-07	-1.3788070215215763e-14	1.565563215520338e-12	8.554940299778753e-14	-1.274768179243928e-13	9.395976453654635e-11	1.6130821999628376e-13	3.035215663523969e-07	-4.5775166427510186e-08	1.1066535688927587e-08	-2.553903776028484e-07	2.688129356138143e-07	1.3422558010965939e-08	6.102846406162287e-06	6.116268964173253e-06
5.096937052517948e-22	4.137049258467364e-08	-1.3878608515020383e-08	-2.5961429754158705e-07	-1.1485653956401972e-14	1.288419504668902e-12	7.586866127424297e-14	-1.130777586693307e-13	6.73523642120272e-11	1.534363832822066e-13	2.776729748640703e-07	-4.4875092600953385e-08	1.133625513370604e-08	-2.3205366794658505e-07	2.44134137396823e-07	1.2080469450237948e-08	5.5831092192207025e-06	5.595189688670941e-06
5.136725788290922e-22	4.0641227192767324e-08	-1.3629390837091849e-08	-2.379219440607667e-07	-9.832072681582493e-15	1.0605220205088713e-12	6.741609699614539e-14	-1.0051340324813076e-13	3.930388557318878e-11	1.4382455009835292e-13	2.54217946076661e-07	-4.408406074299365e-08	1.1384511136846825e-08	-2.1086964240232634e-07	2.215183964705141e-07	1.0648754068187753e-08	5.111500143624289e-06	5.122148897692477e-06
5.176514524063896e-22	3.995067286710344e-08	-1.3391541688780749e-08	-2.1824216638768925e-07	-8.638072243419786e-15	8.732225261048839e-13	5.993608779590572e-14	-8.940296390498073e-14	8.037633799679472e-12	1.2745383902453478e-13	2.3293869198630926e-07	-4.333501780218665e-08	1.1234459409797917e-08	-1.9167403500415014e-07	2.0083813359392054e-07	9.164098589770406e-09	4.683639905169759e-06	4.692804003759529e-06
5.216303259836869e-22	3.924468361561049e-08	-1.3147715501777643e-08	-2.0038237050487136e-07	-7.762233596576087e-15	7.193538294593048e-13	5.3244990821083014e-14	-7.946562346161827e-14	-3.025865437608535e-11	1.1413045362155406e-13	2.1363219462669263e-07	-4.2569231085348436e-08	1.0917149009045341e-08	-1.7431486154399773e-07	1.8198011255038954e-07	7.66525100639181e-09	4.295446256727195e-06	4.303111507733587e-06
5.256091995609844e-22	3.8485716830746026e-08	-1.2885305223004836e-08	-1.84166820837123e-07	-7.104979834356185e-15	5.929902058659943e-13	4.7216501446223726e-14	-7.051291657234475e-14	-6.597372631917953e-11	9.593283852132054e-14	1.9611193109039704e-07	-4.174597774795525e-08	1.0453586911125994e-08	-1.586317244340516e-07	1.6481954025356775e-07	6.187815819516148e-09	3.943168653992988e-06	3.949356469812504e-06
5.295880731382817e-22	3.764429935357202e-08	-1.2594801568757703e-08	-1.6943323949214642e-07	-6.592858349635478e-15	4.89234214547893e-13	4.17600539554904e-14	-6.24078102199453e-14	-8.89629203788311e-11	8.168286895813782e-14	1.802052367564224e-07	-4.083328794580988e-08	9.868952704983924e-09	-1.4447216095124206e-07	1.4924090151559644e-07	4.76874056435438e-09	3.6233352312220384e-06	3.6281039717863927e-06
5.335669467155791e-22	3.669558108715972e-08	-1.226938717547699e-08	-1.5603320193736032e-07	-6.172287952025551e-15	4.0404579967122603e-13	3.6809779272915213e-14	-5.504579082847303e-14	-8.968026118984716e-11	6.540998259688119e-14	1.6575392611873757e-07	-3.980420650653882e-08	9.183552671054065e-09	-1.3169624323938466e-07	1.3513327228325277e-07	3.4370290438681066e-09	3.332765277967705e-06	3.336202307011573e-06
5.375458202928765e-22	3.5628791715399544e-08	-1.1905290732224609e-08	-1.4383102221859913e-07	-5.8064970218929496e-15	3.340926841518077e-13	3.23184825538845e-14	-4.835952810263552e-14	-6.47548679981293e-11	5.1919909656188585e-14	1.5261229395435784e-07	-3.864705077416778e-08	8.420455637981083e-09	-1.201719119383711e-07	1.2238569881817113e-07	2.2137868798000335e-09	3.0685290440747153e-06	3.0707428309545153e-06
5.415246938701739e-22	3.443385178817278e-08	-1.150042153789761e-08	-1.327032004498608e-07	-5.468798672862127e-15	2.7663183888869827e-13	2.824849552832461e-14	-4.228995020120851e-14	-2.0254253693188185e-11	3.915604206493226e-14	1.4064769429596727e-07	-3.735088747682494e-08	7.598285210386815e-09	-1.0978972817565118e-07	1.1089509202952911e-07	1.1053638538779286e-09	2.82795937673072e-06	2.8290647405845977e-06
5.455035674474712e-22	3.311204199660295e-08	-1.1055106158059176e-08	-1.2253838647909227e-07	-5.1425110046055394e-15	2.294067008929609e-13	2.4570561620016092e-14	-3.6796637527039584e-14	2.8148262834979507e-11	2.7707743147576127e-14	1.2973950115360176e-07	-3.591710584388842e-08	6.732948113548629e-09	-1.004530626318564e-07	1.0055534342326198e-07	1.0228079140558685e-10	2.6086308205312763e-06	2.608733101322682e-06
5.494824410247687e-22	3.166438764122562e-08	-1.0570570869795e-08	-1.1323515116210732e-07	-4.816048975132006e-15	1.9056223390146106e-13	2.1257941430178862e-14	-3.183932571811554e-14	6.507715455371621e-11	1.864346167026936e-14	1.1977788794816957e-07	-3.4346818078434256e-08	5.8425699843486294e-09	-9.20760634278607e-08	9.127363985408392e-08	-8.024235737767787e-10	2.4083350730720486e-06	2.4075326494982718e-06
5.53461314602066e-22	3.010121609261266e-08	-1.0049793926097144e-08	-1.0470255401974043e-07	-4.483834066253092e-15	1.5857569481349941e-13	1.8287338920202406e-14	-2.7387185480808897e-14	7.717982155478168e-11	1.008998459723686e-14	1.1066348517766097e-07	-3.265122647301397e-08	4.944991029935284e-09	-8.457379694967133e-08	8.295724973458228e-08	-1.6165472150890533e-09	2.2250740994028724e-06	2.2234575521877835e-06
5.574401881793634e-22	2.8435044373757384e-08	-9.496862400136951e-09	-9.685980684559755e-08	-4.143909575739941e-15	1.3219968313004767e-13	1.5636663570321912e-14	-2.3409269490584986e-14	6.15984801066367e-11	4.2402356316798766e-15	1.0230762876671546e-07	-3.084390847026577e-08	4.05311916721892e-09	-7.785990186846724e-08	7.55168394636686e-08	-2.3430624047986434e-09	2.0570651235615167e-06	2.054722061156718e-06
5.614190617566608e-22	2.668133139075403e-08	-8.91666523983452e-09	-8.96344177561959e-08	-3.7968744621789976e-15	1.104123775603995e-13	1.3284248609112094e-14	-1.9875224082286e-14	2.6410794667502157e-11	-1.1883647509726785e-15	9.463041482289447e-08	-2.8941632618433185e-08	3.1836698690826824e-09	-7.184324197444604e-08	6.887245207354397e-08	-2.9707899009020684e-09	1.9027015145979566e-06	1.8997307246970544e-06
5.653979353339582e-22	2.4861328605040652e-08	-8.31516128877629e-09	-8.296215493581411e-08	-3.4458184067854817e-15	9.237844842786492e-14	1.1209230316440398e-14	-1.6757122840344827e-14	-1.460519273508204e-11	-4.496076188356987e-15	8.756035211989048e-08	-2.696745073779205e-08	2.354752295242819e-09	-6.64305139236235e-08	6.294765367734127e-08	-3.4828602462822282e-09	1.7605457978717957e-06	1.7570629376255135e-06
5.693768089112556e-22	2.2996453388482094e-08	-7.699006397205761e-09	-7.67872130892666e-08	-3.0950223374152802e-15	7.741715379688659e-14	9.390968315093119e-15	-1.4025119215976378e-14	-4.5149460299193385e-11	-7.193709831282118e-15	8.103497607521129e-08	-2.4944594616315455e-08	1.5788288250411302e-09	-6.153485306401873e-08	5.766921028393696e-08	-3.865642780081777e-09	1.6293419990130797e-06	1.625476356232998e-06
5.73355682488553e-22	2.1109982375269e-08	-7.075319651549397e-09	-7.106000395236411e-08	-2.7493984342606523e-15	6.49730631182097e-14	7.808944516778082e-15	-1.1649415802898717e-14	-5.528920279145975e-11	-8.612526064102525e-15	7.499845936915154e-08	-2.2898312812618407e-08	8.731121009593347e-10	-5.708058066076863e-08	5.297325865749247e-08	-4.10732200327616e-09	1.5079676005781764e-06	1.5038602785749003e-06
5.773345560658503e-22	1.9227045802977108e-08	-6.451840035670039e-09	-6.573845797659441e-08	-2.4144202517355944e-15	5.459544128790824e-14	6.443182571502736e-15	-9.600622902483462e-15	-4.342369927701428e-11	-9.351616636193268e-15	6.940283091083553e-08	-2.0855864517228087e-08	2.4716725859280265e-10	-5.300663623660029e-08	4.879413365220024e-08	-4.212502584400052e-09	1.3954580506596355e-06	1.3912455480752353e-06
5.813134296431478e-22	1.7372572616318237e-08	-5.8363778572272844e-09	-6.078591068437377e-08	-2.0952129308559837e-15	4.5917784937508695e-14	5.273886996649947e-15	-7.849130664672601e-15	-1.6489154572942624e-11	-9.483257000776143e-15	6.420601189143672e-08	-1.8844290575417473e-08	-2.891451937695134e-10	-4.926617331578442e-08	4.507257612224975e-08	-4.193597193534672e-09	1.2909672739074088e-06	1.2867736767138742e-06
5.852923032204451e-22	1.5569971603686427e-08	-5.236565090823168e-09	-5.61706265474777e-08	-1.7961955206729775e-15	3.8642385568218624e-14	4.281584263288857e-15	-6.365255109215003e-15	1.3889584378252133e-11	-9.087809015510661e-15	5.937140098921836e-08	-1.688898289539364e-08	-7.274911834253634e-10	-4.582330477552602e-08	4.1754926910399365e-08	-4.0683778651266545e-09	1.1937593309225925e-06	1.1896909530574658e-06
5.892711767977425e-22	1.3841788346056155e-08	-4.6597402240578904e-09	-5.186624664268429e-08	-1.5211110410643047e-15	3.252833116776015e-14	3.447388780617829e-15	-5.120245287657453e-15	3.594016255935841e-11	-8.477350217648973e-15	5.4868187308952914e-08	-1.501439704986902e-08	-1.0679245450934018e-09	-4.264823750111328e-08	3.878586571399048e-08	-3.8623717871227975e-09	1.1032147100284447e-06	1.099352338241322e-06
5.932500503750399e-22	1.2206703027624723e-08	-4.112380031643906e-09	-4.784995347597341e-08	-1.2724387954090927e-15	2.737961153816168e-14	2.752912240391026e-15	-4.085709725389029e-15	4.342316217623409e-11	-7.596456722777893e-15	5.066975729833556e-08	-1.3240795755302062e-08	-1.3122321106091127e-09	-3.971219013989782e-08	3.6116729432424396e-08	-3.5954607074734243e-09	1.0187982953953342e-06	1.0152028346878608e-06
5.972289239523372e-22	1.0681281689542642e-08	-3.600034729310164e-09	-4.4102214493032794e-08	-1.0516516272595488e-15	2.3036624234138714e-14	2.180601874928036e-15	-3.2349164147250204e-15	3.563597780256625e-11	-6.691054933279872e-15	4.675321725555361e-08	-1.158614848258286e-08	-1.4658366858255434e-09	-3.6985317315394606e-08	3.370123208714519e-08	-3.2840852282494145e-09	9.400497660218918e-07	9.367656807936423e-07
6.012077975296346e-22	9.27568776456002e-09	-3.1268531916263138e-09	-4.060629584212107e-08	-8.588619872286713e-16	1.936905357309947e-14	1.7137510990852224e-15	-2.5418878225328943e-15	1.7761328782398388e-11	-5.7308183245246275e-15	4.309927196026264e-08	-1.0061479693101068e-08	-1.5381106336024008e-09	-3.443968798916842e-08	3.1499681633559176e-08	-2.940006355609247e-09	8.665811552055829e-07	8.636411488499736e-07
6.05186671106932e-22	7.99863068106063e-09	-2.6957953489071165e-09	-3.734761783089942e-08	-6.93453606565368e-16	1.626989542227694e-14	1.3368963510265936e-15	-1.9833367868696763e-15	-2.056327551675337e-12	-4.833395396807391e-15	3.9691070537450786e-08	-8.67623666422989e-09	-1.540980726851237e-09	-3.204682872969161e-08	2.947385314636965e-08	-2.5729755833219558e-09	7.980536445833405e-07	7.954806690000185e-07
6.091655446842294e-22	6.852727745859406e-09	-2.3082772171329108e-09	-3.431330690557903e-08	-5.53803888032942e-16	1.3650810460124329e-14	1.0357843512475915e-15	-1.537499072866484e-15	-1.7365658721734218e-11	-3.995995780733234e-15	3.651417562520914e-08	-7.433258452892591e-09	-1.4882547803477512e-09	-2.97862134362782e-08	2.7592662391968797e-08	-2.193551044309404e-09	7.341769440644328e-07	7.319833930201234e-07
6.1314441826152675e-22	5.8371508618937005e-09	-1.9643966070611803e-09	-3.1491576750876773e-08	-4.3772529145276893e-16	1.143824958686107e-14	7.975926013485567e-16	-1.1850123146381423e-15	-2.3784907999543826e-11	-3.2586139448593895e-15	3.3555670433003885e-08	-6.331646830358277e-09	-1.3935191873141577e-09	-2.7642600049553154e-08	2.5830504415331444e-08	-1.81209563422171e-09	6.746913376714123e-07	6.728792420371906e-07
6.171232918388242e-22	4.9479270447922576e-09	-1.663060419809986e-09	-2.8871497138387248e-08	-3.42671455765784e-16	9.57061963481388e-15	6.109849732560271e-16	-9.088993511975285e-16	-2.1326980790492565e-11	-2.613611533860886e-15	3.080387994307733e-08	-5.367092257245509e-09	-1.2699788059875696e-09	-2.5607951177773198e-08	2.4166808879844246e-08	-1.4411422979289517e-09	6.193620777514376e-07	6.179209354535086e-07
6.211021654161215e-22	4.178194695384734e-09	-1.4021705673850912e-09	-2.6442624985626715e-08	-2.659110351656101e-16	7.995951120123038e-15	4.661158892349307e-16	-6.944672000453777e-16	-1.3048147567322096e-11	-2.0744925922825152e-15	2.8247966532334613e-08	-4.532151866399544e-09	-1.12915235523296e-09	-2.3679643577998216e-08	2.2586662310702105e-08	-1.0929812672961118e-09	5.679712542231086e-07	5.668782729558125e-07
6.25081038993419e-22	3.518566427484259e-09	-1.1788290944310314e-09	-2.4194968815594356e-08	-2.0469242947366316e-16	6.670226607938684e-15	3.545801877909589e-16	-5.291750731748355e-16	-2.882218152415278e-12	-1.6195379348406671e-15	2.5877849840327375e-08	-3.816643027961332e-09	-9.812043787460235e-10	-2.1858109029292187e-08	2.1080002433620023e-08	-7.781065956721642e-10	5.203161833311637e-07	5.195380767354915e-07
6.290599125707163e-22	2.9592636322784303e-09	-9.89673952752402e-10	-2.2118808754109267e-08	-1.5646549046331833e-16	5.555966285901139e-15	2.693557915032808e-16	-4.027057576499886e-16	5.356482781058427e-12	-1.2553744193470846e-15	2.368380944211802e-08	-3.209958744407294e-09	-8.346768641512948e-10	-2.014385858102577e-08	1.963917383355943e-08	-5.046847474663406e-10	4.7620141868814433e-07	4.75696733940678e-07
6.330387861480137e-22	2.4893549430406104e-09	-8.310560367374358e-10	-2.0204351172398756e-08	-1.1887311993452985e-16	4.621049445753311e-15	2.0466097729712117e-16	-3.065219389309809e-16	9.447037843806152e-12	-9.564815048704833e-16	2.165621353361567e-08	-2.7002416018861003e-09	-6.947066467710489e-10	-1.8536601784417914e-08	1.826126528495852e-08	-2.75336499459395e-10	4.354332960107263e-07	4.351579595112669e-07
6.370176597253111e-22	2.0976357493970727e-09	-6.992125191994659e-10	-1.8442191567872797e-08	-8.983943065039115e-17	3.838096079079838e-15	1.558061110456001e-16	-2.337089651068926e-16	9.418020733926667e-12	-7.238982812542043e-16	1.9785887094351135e-08	-2.275337793162339e-09	-5.65896195047062e-10	-1.7034347370485736e-08	1.6944653106141734e-08	-8.969426434400214e-11	3.9782733559391317e-07	3.9773764132956917e-07
6.409965333026085e-22	1.7739185974098295e-09	-5.905344700465807e-10	-1.682285801513352e-08	-6.761709754017954e-17	3.1835865833373865e-15	1.1906691499817938e-16	-1.7883377310288532e-16	6.341618022438735e-12	-5.39045832963433e-16	1.806352746537944e-08	-1.9241968347626965e-09	-4.502210394674541e-10	-1.5633129752591037e-08	1.5689109591149287e-08	5.5979838558250825e-11	3.63196491526294e-07	3.632524713648523e-07
6.449754068799058e-22	1.5078643763754384e-09	-5.015649448392343e-10	-1.5337150373218898e-08	-5.0716702451122934e-17	2.6374440629188652e-15	9.150473755489666e-17	-1.3754622950457378e-16	2.115323095441547e-12	-3.967888881590944e-16	1.6480156905253243e-08	-1.6356037375924159e-09	-3.4868139571251166e-10	-1.4328733474690273e-08	1.4495871771948315e-08	1.6713829725804204e-10	3.313602510359064e-07	3.3152738933316443e-07
6.489542804572033e-22	1.2907241208687444e-09	-4.291850425374773e-10	-1.3976087377449707e-08	-3.7950240295693e-17	2.182521383855142e-15	7.084864326136069e-17	-1.0653452907818638e-16	-1.4296718051751434e-12	-2.881845317911093e-16	1.5026894195326048e-08	-1.400068366688315e-09	-2.6145292157222513e-10	-1.3115976150222885e-08	1.336537290706551e-08	2.4939675684262433e-10	3.0214004222222097e-07	3.023894389790636e-07
6.529331540345006e-22	1.1144201096438492e-09	-3.706069872266679e-10	-1.2730875362291678e-08	-2.835402230604014e-17	1.8041903962182053e-15	5.535681800014471e-17	-8.322934174406841e-17	-3.454994443705321e-12	-2.0457214226724006e-16	1.3695015581751722e-08	-1.2088286952588605e-09	-1.8752376548311575e-10	-1.1990515690926498e-08	1.2298663121009747e-08	3.0814743008324947e-10	2.7536045937483677e-07	2.7566860680492e-07
6.56912027611798e-22	9.718372756269907e-10	-3.2338910821358484e-10	-1.1593093657679595e-08	-2.1167736761522234e-17	1.4900391024865034e-15	4.3707247652867465e-17	-6.567372154052737e-17	-3.706214461755633e-12	-1.4341954255841624e-16	1.2476109381468005e-08	-1.0541669017664092e-09	-1.25766107342205e-10	-1.0948350401242598e-08	1.129617637235939e-08	3.478259711167919e-10	2.5085237156074256e-07	2.5120019753185935e-07
6.608909011890954e-22	8.5698548782236e-10	-2.854502347164489e-10	-1.0554665002922121e-08	-1.580391010139084e-17	1.22954842991125e-15	3.49083264875043e-17	-5.2401304265300353e-17	-2.6228364666234042e-12	-9.644095598191194e-17	1.136203032172865e-08	-9.295853997607196e-10	-7.480802779361105e-11	-9.985751486472246e-09	1.035763689417432e-08	3.718854077020737e-10	2.2845200453255145e-07	2.2882388994025353e-07
6.648697747663928e-22	7.647678840733269e-10	-2.5503767418283346e-10	-9.607886525589399e-09	-1.1810116846207936e-17	1.0138302557130377e-15	2.822107274474918e-17	-4.2312513550074514e-17	-1.064127963731097e-12	-6.322869777257631e-17	1.0344953617795291e-08	-8.295555449645175e-10	-3.314626286145613e-11	-9.099219518962636e-09	9.482251809969317e-09	3.8303229100668184e-10	2.0800202803602027e-07	2.0838506032702696e-07
6.6884864834369015e-22	6.90904323071777e-10	-2.3069578629293216e-10	-8.745454688999116e-09	-8.841541374255784e-18	8.353968013274858e-16	2.3098266896744414e-17	-3.458817499631845e-17	3.5987380413386266e-13	-3.835006202629593e-17	9.417407366420034e-09	-7.49434602573929e-10	7.307314886479866e-13	-8.284885501700846e-09	8.668703495334754e-09	3.838179936339074e-10	1.893522071231688e-07	1.897360251168027e-07
6.728275219209876e-22	6.319667945953153e-10	-2.1123712963158644e-10	-7.96050330768429e-09	-6.639820178854213e-18	6.879602561296363e-16	1.9137294690225146e-17	-2.862691517277436e-17	1.2165679802230213e-12	-2.099524843510561e-17	8.572306763539557e-09	-6.855041573601406e-10	2.812715028629993e-11	-7.53855642390477e-09	7.914929756465717e-09	3.763733325609468e-10	1.7236009014563193e-07	1.7273646347819288e-07
6.768063954982849e-22	5.849099059850092e-10	-1.9567984409099302e-10	-7.246601690730237e-09	-5.0070562258035286e-18	5.66254477671568e-16	1.6040833624985063e-17	-2.3973962497507563e-17	1.3768465584287454e-12	-8.917692169098684e-18	7.802998315697645e-09	-6.344608251435342e-10	5.017867704727034e-11	-6.855994237881192e-09	7.218716167601381e-09	3.6272192972018866e-10	1.568918976893767e-07	1.572546196190969e-07
6.807852690755823e-22	5.474665252218162e-10	-1.8324729282082417e-10	-6.597734611620276e-09	-3.798840913565969e-18	4.65874990074872e-16	1.3592175128316702e-17	-2.030387672624955e-17	1.0909784052540618e-12	-4.1969405864028437e-19	7.103200422896098e-09	-5.938454129966684e-10	6.788449709126601e-11	-6.2324239458692746e-09	6.5772395069906954e-09	3.448155611214209e-10	1.428213278905537e-07	1.4316614345167515e-07
6.847641426528797e-22	5.176729527552986e-10	-1.7330530291916155e-10	-6.008304470970872e-09	-2.9057347033683283e-18	3.8314900608934523e-16	1.1631448424541917e-17	-1.7371904232965725e-17	6.012468990035575e-13	4.6303501699492215e-18	6.467051508774222e-09	-5.615278658116789e-10	8.208849839427521e-11	-5.663335195102563e-09	5.987612141356818e-09	3.2427694625425477e-10	1.300305241653101e-07	1.3035480111156435e-07
6.88743016230177e-22	4.93968445553546e-10	-1.6534505372802798e-10	-5.473136198962553e-09	-2.2468879963600317e-18	3.1502050392292225e-16	1.0041155860533506e-17	-1.4998979528432758e-17	1.4550040655995465e-13	8.185384640419947e-18	5.889104080057205e-09	-5.358152215978251e-10	9.337407851588698e-11	-5.144366990729299e-09	5.446662936975267e-09	3.022959462459682e-10	1.1840995576093714e-07	1.187122517071831e-07
6.927218898074745e-22	4.749840682414681e-10	-1.5894611208387e-10	-4.987432636875176e-09	-1.7613266577676406e-18	2.5894947459999885e-16	8.733995484953561e-18	-1.305004775850334e-17	-1.0383728476743004e-13	9.642883277550991e-18	5.364299660398707e-09	-5.152225750582873e-10	1.0223057967880369e-10	-4.671498255487365e-09	4.951307665019224e-09	2.7980940953185894e-10	1.0785791375652859e-07	1.0813772316606045e-07
6.967007633847718e-22	4.597165336951888e-10	-1.5377310157330374e-10	-4.546776136993991e-09	-1.4048079982900005e-18	2.128285338626756e-16	7.645642389075971e-18	-1.1428618467786737e-17	-1.91434776202677e-13	1.0453488237337797e-17	4.887952467136481e-09	-4.986616451863187e-10	1.0897293890235903e-10	-4.241023921554071e-09	4.498263760852522e-09	2.572398392984507e-10	9.828018285466255e-08	9.853742269396099e-08
7.006796369620692e-22	4.472519116202559e-10	-1.495388077280833e-10	-4.147090673500369e-09	-1.1436749686546664e-18	1.749115772973177e-16	6.727567645494751e-18	-1.006065761696266e-17	-1.8916236231234e-13	1.024367126863197e-17	4.455736856626658e-09	-4.851410776902521e-10	1.1384418752053473e-10	-3.849566551292025e-09	4.08443996645694e-09	2.3487341516491505e-10	8.958978894696596e-08	8.982466236213087e-08
7.046585105393666e-22	4.3680056739025627e-10	-1.4599732985027355e-10	-3.7846424543006376e-09	-9.52830159867966e-19	1.437543617823164e-16	5.943190147129529e-18	-8.890535296216226e-18	-1.6934654531643934e-13	9.603833226299661e-18	4.063682920871338e-09	-4.738043436982924e-10	1.1690656979904656e-10	-3.494008413847952e-09	3.706785146972093e-09	2.127767331241407e-10	8.170691057503404e-08	8.191968730815818e-08
7.08637384116664e-22	4.277118686925468e-10	-1.4293404867431916e-10	-3.4559828741380265e-09	-8.135575939997835e-19	1.1816205683659323e-16	5.264788879392028e-18	-7.877103848808439e-18	-2.202762826274249e-13	8.719278484601817e-18	3.7081171351279036e-09	-4.6394569228959863e-10	1.182811576143631e-10	-3.1714252069469645e-09	3.362452600452668e-09	1.910273935057036e-10	7.4557685552924e-08	7.474871294642971e-08
7.126162576939613e-22	4.193739099639438e-10	-1.4015485006541977e-10	-3.157962116703906e-09	-7.117007823896976e-19	9.714860802900405e-17	4.671151453083053e-18	-6.988552476060652e-18	-2.9642794197015724e-13	7.436850667850749e-18	3.3856835718899173e-09	-4.5490138003926905e-10	1.1794344965593849e-10	-2.879039383190995e-09	3.0487256415065867e-09	1.696862583155918e-10	6.8074637507034e-08	6.82443237653496e-08
7.165951312712588e-22	4.1130970586875593e-10	-1.3748862356694853e-10	-2.8876865178019844e-09	-6.367977818492192e-19	7.989994291026925e-17	4.146227561200079e-18	-6.201908181267509e-18	-3.4490226591971694e-13	6.346555769446231e-18	3.0932913552904716e-09	-4.461540135771529e-10	1.1590762507117091e-10	-2.614210254212076e-09	2.7630449667844892e-09	1.488347125724133e-10	6.21956193607602e-08	6.234445407333262e-08
7.205740048485561e-22	4.0301624724544877e-10	-1.34773491981776e-10	-2.642507928605286e-09	-5.807239506841918e-19	6.574506519007302e-17	3.677573857843836e-18	-5.498566496134868e-18	-3.1362271622374915e-13	4.931652207253168e-18	2.8281173949455653e-09	-4.3715797108065266e-10	1.1214358773815514e-10	-2.3745787277828365e-09	2.5031030116030675e-09	1.28524283820231e-10	5.6863868301819984e-08	5.699239258564021e-08
7.2455287842585355e-22	3.9409341190250385e-10	-1.318672109110343e-10	-2.420000186710714e-09	-5.374748334521898e-19	5.4130883390673166e-17	3.2558493039001727e-18	-4.865154695961815e-18	-1.59649952367825e-13	3.847113199881673e-18	2.5875699455705566e-09	-4.274792338143827e-10	1.0667288171614552e-10	-2.1579335798403947e-09	2.2667635934723195e-09	1.0883001363192484e-10	5.202727308863618e-08	5.2136103102268105e-08
7.285317520031509e-22	3.842173711190019e-10	-1.2864552465961558e-10	-2.2179374748785533e-09	-5.025480506170997e-19	4.4601783068843845e-17	2.8740393478451856e-18	-4.291854868808724e-18	7.158089018272054e-14	2.5976078321041003e-18	2.369268385612738e-09	-4.167665397505179e-10	9.961058276946657e-11	-1.962294002249957e-09	2.052112428631687e-09	8.981842638172986e-11	4.763796746639266e-08	4.772778589277439e-08
7.325106255804483e-22	3.7307331475664565e-10	-1.2500243366437574e-10	-2.0342944855668777e-09	-4.725204799096203e-19	3.678298925072866e-17	2.5268941371877535e-18	-3.770793672429247e-18	2.997201179162538e-13	1.6284368440515369e-18	2.171048185151506e-09	-4.04678409455636e-10	9.105612388827823e-11	-1.7859238476616855e-09	1.857425899584148e-09	7.15020519224625e-11	4.3652430054119765e-08	4.3723932106042225e-08
7.364894991577457e-22	3.604835822899839e-10	-1.2086084913019815e-10	-1.8672164261705427e-09	-4.449890973790107e-19	3.0366039870157987e-17	2.2106743528506344e-18	-3.2968153696062068e-18	4.3959535055527246e-13	6.775389843981036e-19	1.9909185818325995e-09	-3.910221318065893e-10	8.125514717217649e-11	-1.6271540681477532e-09	1.6811515971981869e-09	5.399752905043365e-11	4.0030633350522756e-08	4.008463087957319e-08
7.404683727350431e-22	3.463056612107515e-10	-1.1617108776238558e-10	-1.7150243858304206e-09	-4.182331309994705e-19	2.509754178356294e-17	1.9226832361938786e-18	-2.8657564555599194e-18	4.2611548055839065e-13	-1.0474415393200391e-19	1.8270759327394044e-09	-3.756431212787936e-10	7.045062182531238e-11	-1.4844636732700049e-09	1.5218834332859236e-09	3.7419760015918705e-11	3.673631219453035e-08	3.677373195454626e-08
7.444472463123404e-22	3.305025154407028e-10	-1.1091556157753318e-10	-1.5761862925038432e-09	-3.9114548315464956e-19	2.0769236006877308e-17	1.661011802651058e-18	-2.4747139677471042e-18	2.5926384851839406e-13	-7.371533126543198e-19	1.6778676196333663e-09	-3.5850120426663035e-10	5.901917123447735e-11	-1.3563400559649203e-09	1.3783855866012133e-09	2.2045530636293056e-11	3.373623802154072e-08	3.375828355217701e-08
7.484261198896379e-22	3.1316411009887676e-10	-1.051156515932789e-10	-1.449326309778271e-09	-3.631881632046919e-19	1.721030489858963e-17	1.424354771868041e-18	-2.121742993722091e-18	9.582574932313602e-15	-1.2900477869028437e-18	1.5417982998295914e-09	-3.3969396733283206e-10	4.734906198302945e-11	-1.24126825383806e-09	1.2494533944797888e-09	8.185140641728799e-12	3.1000344547107134e-08	3.100852968774886e-08
7.524049934669352e-22	2.9443968020137845e-10	-9.882420611868469e-11	-1.333207459350077e-09	-3.3418150712207256e-19	1.428074852917884e-17	1.2116708905726262e-18	-1.805043539135854e-18	-2.356490262448104e-13	-1.6501116062916052e-18	1.4175177113615641e-09	-3.1938328801702035e-10	3.5844697077762835e-11	-1.1378276225905452e-09	1.1339791204223064e-09	-3.8485021682387845e-12	2.850148256986353e-08	2.849763406769529e-08
7.563838670442326e-22	2.745635853539331e-10	-9.212463457661154e-11	-1.2267195033280838e-09	-3.042631587314037e-19	1.1865919160388157e-17	1.0220394756077693e-18	-1.5230172911175094e-18	-3.7707348925346025e-13	-1.969668309444325e-18	1.3038052700316838e-09	-2.9782337982184884e-10	2.493776176491722e-11	-1.0446576169490059e-09	1.0309196519747521e-09	-1.3737964974253723e-11	2.6215110270173565e-08	2.6201372305199312e-08
7.6036274062153e-22	2.538640626600114e-10	-8.512919050981805e-11	-1.128883023472677e-09	-2.738492854628144e-19	9.872167546660748e-18	8.545568269182612e-19	-1.2741884808025864e-18	-3.707805539030019e-13	-2.1265359318030845e-18	1.199572150131523e-09	-2.7537028662835284e-10	1.498959227592245e-11	-9.60518924824236e-10	9.391914557790928e-10	-2.1327469045143303e-11	2.4119335046224438e-08	2.4098007577179295e-08
7.643416141988274e-22	2.326951792911474e-10	-7.796670520255866e-11	-1.038839111838687e-09	-2.4348122795803416e-19	8.223123554650486e-18	7.081775875739298e-19	-1.0567941166832831e-18	-2.3264080281059454e-13	-2.2517192047708183e-18	1.103856163564398e-09	-2.524080705935163e-10	6.259016954006897e-12	-8.843432731736025e-10	8.577071099248887e-10	-2.6636163248713784e-11	2.2194810550395177e-08	2.2168174387146463e-08
7.683204877761247e-22	2.1143944283676525e-10	-7.077369896199621e-11	-9.558287218591605e-10	-2.137591609402602e-19	6.856507731206119e-18	5.816683625319833e-19	-8.688795152248408e-19	-2.2163754148817972e-14	-2.2770787324733e-18	1.015800075351218e-09	-2.2935164363712973e-10	-1.038267975624154e-12	-8.151851376600815e-10	7.854101637384644e-10	-2.977497392161717e-11	2.042430068738816e-08	2.039452571346654e-08
7.722993613534221e-22	1.904976278765747e-10	-6.368776817321453e-11	-8.791988725276139e-10	-1.8530359992788547e-19	5.721712549794089e-18	4.736201056746387e-19	-7.0832680460937385e-19	1.7102666712414667e-13	-2.275268386412737e-18	9.346576353197891e-10	-2.0663573216697562e-10	-6.834072580603383e-12	-7.522179831306959e-10	7.211878305722101e-10	-3.103015255848586e-11	1.8792800891000807e-08	1.876177073844232e-08
7.762782349307195e-22	1.7020561126720036e-10	-5.683235397274607e-11	-8.08378105353266e-10	-1.586152195765334e-19	4.777560198318187e-18	3.824197356839988e-19	-5.726490310778795e-19	2.8018132886587664e-13	-2.2373537701869764e-18	8.597761524367795e-10	-1.8462466702397874e-10	-1.113278234416169e-11	-6.94724664538584e-10	6.640187030686391e-10	-3.070596146994491e-11	1.7287187752866483e-08	1.7256481791396538e-08
7.802571085080169e-22	1.5088043276724852e-10	-5.0315425239123184e-11	-7.428775652163236e-10	-1.3411477835404624e-19	3.990620859615764e-18	3.063489186408675e-19	-4.593229333016981e-19	2.7690675045564855e-13	-2.1938551004174195e-18	7.905924981177525e-10	-1.6366234615658568e-10	-1.4055829824762651e-11	-6.420356494280659e-10	6.128743221364042e-10	-2.916132729166164e-11	1.5896138662495504e-08	1.586697733520384e-08
7.842359820853143e-22	1.3276091020628482e-10	-4.42201847476549e-11	-6.822674418073161e-10	-1.1206350332161807e-19	3.3336573286992174e-18	2.4361628088192575e-19	-3.657008600882159e-19	1.776509618609189e-13	-2.174688838786595e-18	7.266146844334591e-10	-1.4400781897316692e-10	-1.5753933320943783e-11	-5.935490644620048e-10	5.668529321393483e-10	-2.6696132322656518e-11	1.4609761407324719e-08	1.4583065275002062e-08
7.882148556626116e-22	1.1602316120455859e-10	-3.8605164305473124e-11	-6.261765001963282e-10	-9.259203958565503e-20	2.784495002159554e-18	1.9244282042160594e-19	-2.891818332873984e-19	3.3545135984323615e-14	-2.2210352170073464e-18	6.674193462968421e-10	-1.258521229920693e-10	-1.6438421271517435e-11	-5.487249577871295e-10	5.251288020332554e-10	-2.3596155753874146e-11	1.3419543547986738e-08	1.3395947392232864e-08
7.921937292399091e-22	1.007673685056347e-10	-3.35032141536844e-11	-5.742806794713423e-10	-7.569919763128143e-20	2.3250232906206472e-18	1.5111700349730398e-19	-2.2725674481601203e-19	-9.564585494013593e-14	-2.511952165158158e-18	6.12641193803814e-10	-1.0930392799250845e-10	-1.6347781944336564e-11	-5.071121713131001e-10	4.869894838669691e-10	-2.0122687446130956e-11	1.2318140340562289e-08	1.2298017653116158e-08
