Energy_h	t01	t02	t03	t04	t05	t06	t07	t08	t09	t11	t12	t13	B0	B1	Num_spec_correction	Num_spec_unper	Num_spec_total
1.9894367886486916e-25	0.0	0.0	0.0	0.0	0.0	0.0	0.0	0.0	0.0	0.0	0.0	0.0	0.0	0.0	0.0	0.0	0.0
2.188380467513561e-24	0.0	0.0	0.0	0.0	0.0	0.0	0.0	0.0	0.0	0.0	0.0	0.0	0.0	0.0	0.0	0.0	0.0
4.1778172561622526e-24	0.0	0.0	0.0	0.0	0.0	0.0	0.0	0.0	0.0	0.0	0.0	0.0	0.0	0.0	0.0	0.0	0.0
6.167254044810945e-24	0.0	0.0	0.0	0.0	0.0	0.0	0.0	0.0	0.0	0.0	0.0	0.0	0.0	0.0	0.0	0.0	0.0
8.156690833459637e-24	0.0	0.0	0.0	0.0	0.0	0.0	0.0	0.0	0.0	0.0	0.0	0.0	0.0	0.0	0.0	0.0	0.0
1.0146127622108328e-23	0.0	0.0	0.0	0.0	0.0	0.0	0.0	0.0	0.0	0.0	0.0	0.0	0.0	0.0	0.0	0.0	0.0
1.2135564410757021e-23	0.0	0.0	0.0	0.0	0.0	0.0	0.0	0.0	0.0	0.0	0.0	0.0	0.0	0.0	0.0	0.0	0.0
1.412500119940571e-23	0.0	0.0	0.0	0.0	0.0	0.0	0.0	0.0	0.0	0.0	0.0	0.0	0.0	0.0	0.0	0.0	0.0
1.6114437988054404e-23	0.0	0.0	0.0	0.0	0.0	0.0	0.0	0.0	0.0	0.0	0.0	0.0	0.0	0.0	0.0	0.0	0.0
1.8103874776703097e-23	0.0	0.0	0.0	0.0	0.0	0.0	0.0	0.0	0.0	0.0	0.0	0.0	0.0	0.0	0.0	0.0	0.0
2.0093311565351786e-23	0.0	0.0	0.0	0.0	0.0	0.0	0.0	0.0	0.0	0.0	0.0	0.0	0.0	0.0	0.0	0.0	0.0
2.208274835400048e-23	0.0	0.0	0.0	0.0	0.0	0.0	0.0	0.0	0.0	0.0	0.0	0.0	0.0	0.0	0.0	0.0	0.0
2.4072185142649172e-23	0.0	0.0	0.0	0.0	0.0	0.0	0.0	0.0	0.0	0.0	0.0	0.0	0.0	0.0	0.0	0.0	0.0
2.6061621931297862e-23	0.0	0.0	0.0	0.0	0.0	0.0	0.0	0.0	0.0	0.0	0.0	0.0	0.0	0.0	0.0	0.0	0.0
2.805105871994655e-23	0.0	0.0	0.0	0.0	0.0	0.0	0.0	0.0	0.0	0.0	0.0	0.0	0.0	0.0	0.0	0.0	0.0
3.004049550859524e-23	0.0	0.0	0.0	0.0	0.0	0.0	0.0	0.0	0.0	0.0	0.0	0.0	0.0	0.0	0.0	0.0	0.0
3.2029932297243935e-23	0.0	0.0	0.0	0.0	0.0	0.0	0.0	0.0	0.0	0.0	0.0	0.0	0.0	0.0	0.0	0.0	0.0
3.401936908589263e-23	0.0	0.0	0.0	0.0	0.0	0.0	0.0	0.0	0.0	0.0	0.0	0.0	0.0	0.0	0.0	0.0	0.0
3.600880587454132e-23	0.0	0.0	0.0	0.0	0.0	0.0	0.0	0.0	0.0	0.0	0.0	0.0	0.0	0.0	0.0	0.0	0.0
3.799824266319001e-23	0.0	0.0	0.0	0.0	0.0	0.0	0.0	0.0	0.0	0.0	0.0	0.0	0.0	0.0	0.0	0.0	0.0
3.99876794518387e-23	0.0	0.0	0.0	0.0	0.0	0.0	0.0	0.0	0.0	0.0	0.0	0.0	0.0	0.0	0.0	0.0	0.0
4.1977116240487393e-23	7.317899933941395e-05	-1.461338812937336e-05	-2.1813433017182728e-05	-6.074766666910804e-08	7.257971990357821e-08	3.160252350609662e-06	-7.91274763354837e-06	7.587525601860529e-07	0.000149611839190965	1.3632112365247897e-05	-6.938463042293026e-05	3.8757450037005154e-05	0.00018238210671430466	-1.699506802067721e-05	0.00016538703869362745	0.00040009917571855115	0.0005654862144121786
4.3966553029136086e-23	7.45964893543171e-05	-1.8516189626467307e-05	-2.9496319208472155e-05	-7.935283672366638e-08	1.2579624040912927e-07	3.6608755933898256e-06	-7.374316010444904e-06	1.2963183184687732e-06	4.5863234980810313e-05	2.0386183734463625e-05	-7.146397306085143e-05	4.224672478837046e-05	7.007653680528711e-05	-8.83106453801736e-06	6.124547226726975e-05	0.000578484532445383	0.0006397300047126528
4.595598981778478e-23	8.275330899190525e-05	-2.251335721002411e-05	-3.679277555733971e-05	-1.044533047480969e-07	1.8622722705704057e-07	4.065828774198561e-06	-7.472470269996496e-06	1.8180653022489402e-06	3.932587401159848e-05	2.6561746280159247e-05	-8.003114988413571e-05	4.41339027961588e-05	6.126624796489985e-05	-9.335500807817664e-06	5.193074715708219e-05	0.0007310377630503622	0.0007829685102074444
4.794542660643347e-23	9.154953162777334e-05	-2.6263575916849515e-05	-4.3642418260555754e-05	-1.308382280397964e-07	2.502107276837396e-07	4.328936874423815e-06	-7.544900674501097e-06	1.992424986863216e-06	3.515765119688021e-05	3.248054026137626e-05	-8.930542386247707e-05	4.6598769123410275e-05	5.5697022333678166e-05	-1.0226114477690545e-05	4.547090785598762e-05	0.0008695202540012309	0.0009149911618572185
4.993486339508216e-23	0.00010037396285942196	-2.982815827021565e-05	-5.024088446948876e-05	-1.5811826276890732e-07	3.177009092964679e-07	4.483775282479216e-06	-7.544118037669065e-06	1.4480069154635025e-06	3.197037631934273e-05	3.8311283264232315e-05	-9.868751930481146e-05	4.905387304164113e-05	5.08225432458615e-05	-1.1322362998938016e-05	3.9500180246923484e-05	0.0010001958684124994	0.001039696048659423
5.192430018373085e-23	0.0001089767494076472	-3.321803427872043e-05	-5.66582916913421e-05	-1.8587590681429856e-07	3.882803552662373e-07	4.550711497049745e-06	-7.464646196090209e-06	3.0670847163706876e-07	2.9498010606789624e-05	4.4104916119147844e-05	-0.00010791763860640456	5.1323863253026e-05	4.619361226542283e-05	-1.2488859234230732e-05	3.3704753031192105e-05	0.0011255635253316035	0.0011592682783627957
5.391373697237954e-23	0.00011724959306134651	-3.6426706564894314e-05	-6.292115140341891e-05	-2.1374877107221277e-07	4.6140967205209467e-07	4.545022204040329e-06	-7.314715687089989e-06	-9.59652137774345e-07	2.6790118702149424e-05	4.987013954753212e-05	-0.00011687189991511993	5.325962020633091e-05	4.121016907533858e-05	-1.3742140161256885e-05	2.7468028914081695e-05	0.0012467382253259422	0.001274206254240024
5.590317376102823e-23	0.0001250427143330347	-3.943194291817339e-05	-6.90236282120381e-05	-2.411792624155599e-07	5.362849048316748e-07	4.478378880386443e-06	-7.100698184937399e-06	-1.5355913850703227e-06	2.4513939230510336e-05	5.559373173651292e-05	-0.00012538429874371898	5.4779635539797315e-05	3.7238277386128395e-05	-1.5010931467408735e-05	2.222734591871966e-05	0.0013641200047780932	0.001386347350696813
5.789261054967692e-23	0.00013228784278657867	-4.2207961295153665e-05	-7.494458243472124e-05	-2.6769244056275185e-07	6.119323924385547e-07	4.361047737209177e-06	-6.8341798530664135e-06	-5.83723346335629e-07	2.2408483679332452e-05	6.124536331108776e-05	-0.00013336993944547792	5.5884420538696615e-05	3.4831167225719165e-05	-1.6240155595693563e-05	1.8591011630025602e-05	0.0014775898715440915	0.0014961808831741171
5.988204733832562e-23	0.000138862233509681	-4.472815364677281e-05	-8.065809435703599e-05	-2.92682699159994e-07	6.873100823945966e-07	4.202312523262897e-06	-6.523212510562602e-06	2.360959420715006e-06	1.9822241617072e-05	6.679488852137105e-05	-0.00014068977185847817	5.648496507188008e-05	3.373291393959409e-05	-1.7409918265227066e-05	1.6322995674367025e-05	0.0015869695225297737	0.0016032925182041407
6.187148412697431e-23	0.00014468502244380035	-4.696415296393384e-05	-8.612594026347452e-05	-3.155858688996208e-07	7.611612382970647e-07	4.0104234602311135e-06	-6.17756492700171e-06	7.203241305426133e-06	1.7909392288325695e-05	7.21996972466694e-05	-0.00014724744411450706	5.6600649909735377e-05	3.498599671277069e-05	-1.8447096958102298e-05	1.6538899754668394e-05	0.0016917321612423383	0.0017082710609970066
6.3860920915623e-23	0.0001496584301168677	-4.8891353467032116e-05	-9.131118755363039e-05	-3.3581799638151506e-07	8.322307210484382e-07	3.7931021325651406e-06	-5.805420285771253e-06	1.3060617445024126e-05	1.5530101324267036e-05	7.741989587993572e-05	-0.0001529303071875316	5.6189178891508086e-05	3.653070243695716e-05	-1.932123241608782e-05	1.7209470020869343e-05	0.0017913785395073769	0.0018085880095282461
6.58503577042717e-23	0.00015373939482771567	-5.048828410101826e-05	-9.617225752579978e-05	-3.529317075186469e-07	8.991804008933003e-07	3.5573761441353274e-06	-5.416195710668722e-06	1.8845281904846306e-05	1.3723920558712657e-05	8.240831061700552e-05	-0.0001576825707758256	5.527966346304124e-05	3.833548479129787e-05	-1.9994596695778876e-05	1.8340888095518994e-05	0.0018852065646861062	0.0019035474527816251
6.783979449292039e-23	0.00015683496654926492	-5.173513095305694e-05	-0.000100666098930115	-3.664044660390624e-07	9.60655473636782e-07	3.3094339851512567e-06	-5.016271910369342e-06	2.3307717148280714e-05	1.188416177701526e-05	8.712067641914457e-05	-0.00016139863625514112	5.3867638609680685e-05	3.851302867376862e-05	-2.041032122631585e-05	1.8102707447452772e-05	0.0019725533070618444	0.0019906560145092973
6.982923128156908e-23	0.00015890609663104206	-5.261901023312211e-05	-0.00010475346471274718	-3.759094937921292e-07	1.0154155757368284e-06	3.054958267460166e-06	-4.612890773715549e-06	2.520974334720962e-05	1.0004945567712614e-05	9.151285789823969e-05	-0.00016402929209764273	5.196290997860702e-05	3.582988417578433e-05	-2.0553524220796036e-05	1.5276359954988295e-05	0.002052730527168227	0.0020680068871232154
7.181866807021777e-23	0.00015992192621525842	-5.313073103508249e-05	-0.00010839505770944029	-3.8121163913434956e-07	1.0622907537605204e-06	2.7988546133160013e-06	-4.212234729674676e-06	2.4190046924120745e-05	8.305684457335952e-06	9.554086985514834e-05	-0.00016553515966697937	4.959511850906e-05	3.0159567850459834e-05	-2.039917130277101e-05	9.760396547688825e-06	0.0021250268573748086	0.0021347872539224976
7.380810485886647e-23	0.00015987185898066304	-5.3266326550269526e-05	-0.00011155477839901199	-3.822143463351928e-07	1.1002713833571855e-06	2.5453515926165358e-06	-3.8197686721174675e-06	2.067987559039967e-05	6.812824046929963e-06	9.916291776813028e-05	-0.0001658991642661023	4.6802711026744444e-05	2.198709362623223e-05	-1.993353547122757e-05	2.0535581550046596e-06	0.0021887546427116554	0.00219080820086666
7.579754164751515e-23	0.00015873313933143762	-5.3025914701721845e-05	-0.00011420061521529579	-3.7888420700602725e-07	1.1285481733391198e-06	2.2979592829146844e-06	-3.439471936360794e-06	1.564985640079403e-05	5.489912781899686e-06	0.00010234283603722348	-0.00016509288395767484	4.361228562780611e-05	1.22545299100007e-05	-1.913776229264526e-05	-6.88323238264456e-06	0.0022433255967226444	0.00223644236434
7.778697843616384e-23	0.00015653943326188522	-5.241577996599615e-05	-0.0001163042476481879	-3.7141567671057256e-07	1.1465291515938414e-06	2.0596015412411945e-06	-3.0754942330378282e-06	1.0338691848627602e-05	4.317095918665019e-06	0.00010504450829252038	-0.00016314769753824745	4.009413700405716e-05	2.2344141980804035e-06	-1.8009052241669896e-05	-1.577463804358949e-05	0.00228812766424083	0.0022723530261972405
7.977641522481253e-23	0.00015331562779030328	-5.14467639937587e-05	-0.00011784374715595347	-3.6006719981074036e-07	1.1538971884624987e-06	1.832578146474166e-06	-2.7306175081834328e-06	5.890279743089015e-06	3.290206187797154e-06	0.00010723946045150533	-0.00016008710493663967	3.6303929954825536e-05	-6.898606801580225e-06	-1.6543714530308836e-05	-2.3442321331889062e-05	0.0023226923589632063	0.0022992500376313174
8.176585201346123e-23	0.00014910715683757818	-5.0136106671493256e-05	-0.00011880713535827219	-3.4522556948252004e-07	1.150679829918123e-06	1.6186848517080853e-06	-2.4070227235203543e-06	3.0263740680798116e-06	2.408773770539112e-06	0.00010890796497494123	-0.00015595708842558567	3.2281874068100265e-05	-1.4383820964945e-05	-1.4767249382544178e-05	-2.915107034748918e-05	0.0023467169320185457	0.0023175658616710563
8.375528880210992e-23	0.00014398212812367857	-4.850523247605719e-05	-0.00011918566006572634	-3.2737246183349406e-07	1.1371079773035763e-06	1.4191833761860063e-06	-2.1063402056867956e-06	1.8864188424447772e-06	1.6709667971742295e-06	0.00011003276516274524	-0.00015082832020162117	2.8107931439530865e-05	-2.0028800092516642e-05	-1.2687623599345065e-05	-3.271642369186171e-05	0.002359928596040065	0.002327212172348203
8.574472559075861e-23	0.00013802875834003438	-4.658115176926998e-05	-0.00011897876950791938	-3.070662015645218e-07	1.1136894638552433e-06	1.2349111842608558e-06	-1.8296376425818316e-06	2.0826504475451825e-06	1.070915789805332e-06	0.00011060383505536292	-0.00014479344847486499	2.386449314308101e-05	-2.4165699895834766e-05	-1.032512027642106e-05	-3.4490820172255825e-05	0.002362188727775992	0.002327697907603736
8.77341623794073e-23	0.00013132896092843722	-4.43951133414367e-05	-0.00011819405061270218	-2.8485546266832284e-07	1.0811739020773215e-06	1.0662999729593929e-06	-1.5771563236000733e-06	2.9206895685055547e-06	5.970705331958724e-07	0.00011062055103419902	-0.00013793929900843063	1.96263645610395e-05	-2.7456980835231932e-05	-7.692383413192117e-06	-3.514936424842405e-05	0.002353539476099242	0.002318390111850818
8.9723599168056e-23	0.0001240060353140604	-4.1984550957679846e-05	-0.00011684852908794552	-2.613691560036425e-07	1.0405403974183847e-06	9.134839070415163e-07	-1.3490380991522234e-06	3.6895186971977466e-06	2.318242033909726e-07	0.00011008893715692051	-0.00013039680076767669	1.547375014995633e-05	-3.056208478167222e-05	-4.8341134607998466e-06	-3.5396198242472064e-05	0.002334145335662955	0.002298749137420483
9.171303595670469e-23	0.00011617160949209301	-3.9389280235467364e-05	-0.00011496287701122939	-2.3716461545872475e-07	9.928503689043047e-07	7.76264675352681e-07	-1.144726638675377e-06	3.911070571663915e-06	-4.507971476439427e-08	0.00010902065044985446	-0.00012228521704378507	1.1507096148040359e-05	-3.3927333107581356e-05	-1.7574704458902513e-06	-3.5684803553471605e-05	0.0023042730671367115	0.00226858826358324
9.370247274535338e-23	0.00010796767858798706	-3.6654669248856554e-05	-0.00011257066047066097	-2.128238853749352e-07	9.393703016206449e-07	6.542429754090306e-07	-9.635483928096565e-07	3.470691672625095e-06	-2.4987904725405186e-07	0.00010743797648779443	-0.00011375621907596469	7.795023422121128e-06	-3.761959750731432e-05	1.4767808339508754e-06	-3.6142816673363444e-05	0.0022643987116605364	0.002228255894987173
9.569190953400208e-23	9.952460590197947e-05	-3.382711641540747e-05	-0.00010970845491177099	-1.8883600584026134e-07	8.813595195478173e-07	5.467820932784183e-07	-8.043587233319083e-07	2.5831272717651187e-06	-3.907736112422065e-07	0.00010536807408850206	-0.0001049496131112306	4.422082682366022e-06	-4.138366488102199e-05	4.840543659637489e-06	-3.65431212213845e-05	0.002215086890040048	0.0021785437688186635
9.768134632265076e-23	9.099068204258656e-05	-3.0955663787907586e-05	-0.0001064235598336008	-1.6566787139399947e-07	8.201651741362814e-07	4.531000651886549e-07	-6.659182669693108e-07	1.6380610569207485e-06	-4.7197896844915074e-07	0.00010284751154125295	-9.602436464183288e-05	1.4373177238494576e-06	-4.47807803894886e-05	8.26046462326952e-06	-3.6520315766219076e-05	0.0021570879197025344	0.0021205676039363153
9.967078311129945e-23	8.249284828046566e-05	-2.808770873985587e-05	-0.00010276468420893931	-1.4367294331631958e-07	7.570438925624057e-07	3.722574845114736e-07	-5.466551308170245e-07	1.0129737325502359e-06	-5.031469355285647e-07	9.991678855492863e-05	-8.711709616600273e-05	-1.1016657747400556e-06	-4.7410744568367324e-05	1.1698026614185828e-05	-3.57127179541815e-05	0.0020912239126882645	0.002055511194734083
1.0166021989994814e-22	7.417448014622276e-05	-2.5270151636556095e-05	-9.878803878524137e-05	-1.2317656380945647e-07	6.932377660693399e-07	3.032351092754427e-07	-4.4503703254497634e-07	9.160782540012084e-07	-5.00994896859979e-07	9.662254215573727e-05	-7.838185935337296e-05	-3.1716182454682172e-06	-4.904036763944311e-05	1.50690645568961e-05	-3.397130308254701e-05	0.002018436776177651	0.001984465473095104
1.0364965668859684e-22	6.615138082506023e-05	-2.2545377608976594e-05	-9.455133539318661e-05	-1.043922866270481e-07	6.298691760389182e-07	2.4493324586557363e-07	-3.5933468724694286e-07	1.3113236889554811e-06	-4.798622297275796e-07	9.301559819343737e-05	-6.994360311380181e-05	-4.762711392963196e-06	-4.970279526984459e-05	1.8309283686672356e-05	-3.139351158317224e-05	0.001939748815610759	0.0019083553040275868
1.0563909347724553e-22	5.853093128826325e-05	-1.9950909485474962e-05	-9.011498968376461e-05	-8.746800391169517e-08	5.67952635327514e-07	1.962221497720022e-07	-2.878331229436416e-07	1.9800065595904686e-06	-4.453045027164647e-07	8.915021460045951e-05	-6.191830747534662e-05	-5.892346230306666e-06	-4.9611392165858133e-05	2.1339560894806234e-05	-2.82718312710519e-05	0.0018562483944950306	0.0018279765632239788
1.076285302658942e-22	5.1394315169886035e-05	-1.7517315098653423e-05	-8.553850524507467e-05	-7.246255079098208e-08	5.08346096197415e-07	1.5596484251863305e-07	-2.2879380277975497e-07	2.6478049329663604e-06	-3.995480893886475e-07	8.508209525504873e-05	-5.4394127097299795e-05	-6.591650006991011e-06	-4.9050193745119035e-05	2.409631815075792e-05	-2.4953875594361115e-05	0.0017690499425403361	0.001744096066945975
1.096179670545429e-22	4.480472909423298e-05	-1.5267830593573214e-05	-8.08803160505681e-05	-5.937091540028796e-08	4.5175581359012274e-07	1.2305267982452144e-07	-1.8055420349561114e-07	3.0669943899381575e-06	-3.4845228725773133e-07	8.086734320172826e-05	-4.744001381718317e-05	-6.9102788121068925e-06	-4.828999207270918e-05	2.6517050572438205e-05	-2.1772941500270972e-05	0.0016792735588782612	0.0016575006173779902
1.116074038431916e-22	3.8805771012776585e-05	-1.3217866577202463e-05	-7.619661175916542e-05	-4.813125920731714e-08	3.98731308868655e-07	9.643001562537402e-08	-1.4155238605490327e-07	3.0850718263408016e-06	-2.981585397565118e-07	7.656136301010542e-05	-4.110397716872965e-05	-6.9141060243845075e-06	-4.7516316357775185e-05	2.8543279816991275e-05	-1.897303654078391e-05	0.0015880234398273753	0.0015690504032865914
1.1359684063184029e-22	3.3415484451933746e-05	-1.1374958484061834e-05	-7.153720667022865e-05	-3.862565924310541e-08	3.496365789569105e-07	7.511419660223903e-08	-1.1032907382468686e-07	2.7059989851239692e-06	-2.5065013476321993e-07	7.22154041623365e-05	-3.540675060523943e-05	-6.661279294207501e-06	-4.676553580950462e-05	3.0147374262889568e-05	-1.661816154661505e-05	0.0014963173090298742	0.0014796991474832592
1.1558627742048898e-22	2.8632550104725884e-05	-9.739467319869353e-06	-6.694858919676276e-05	-3.070323222084933e-08	3.047024259581721e-07	5.821225729542686e-08	-8.556758388213692e-08	2.061849050331198e-06	-2.0652652303140046e-07	6.78788202731028e-05	-3.0348331337075755e-05	-6.223148022768068e-06	-4.595354001745583e-05	3.1307340913258964e-05	-1.4646199104196863e-05	0.0014051343250493827	0.001390488125945186
1.1757571420913767e-22	2.4436244846429896e-05	-8.305556069880157e-06	-6.247027099450612e-05	-2.418820206335643e-08	2.640099650545177e-07	4.493058039936522e-08	-6.609639706802525e-08	1.3335188627704045e-06	-1.6742394185152302e-07	6.359557735391807e-05	-2.5907934028927167e-05	-5.660403524668482e-06	-4.4954831350715e-05	3.202723980032242e-05	-1.292759155039258e-05	0.001315343502129111	0.0013024159105787182
1.1956515099778637e-22	2.0797331419070597e-05	-7.062799864439884e-06	-5.813486152755158e-05	-1.8901042000185052e-08	2.2751603942597866e-07	3.4580603485616244e-08	-5.091353890564078e-08	6.830478072375648e-07	-1.338819043647678e-07	5.940327519856074e-05	-2.2055541717060944e-05	-5.0238091569566736e-06	-4.365888200804229e-05	3.2323924324543116e-05	-1.133495768349917e-05	0.0012276842222944968	0.0012163492646109976
1.2155458778643506e-22	1.7674122071201353e-05	-5.997046723252459e-06	-5.396940043223367e-05	-1.4661277719292155e-08	1.9508744771157045e-07	2.6574483959459345e-08	-3.915933084676206e-08	2.1220315987588308e-07	-1.0534474321309746e-07	5.533479715771331e-05	-1.8747750028238293e-05	-4.36030500621795e-06	-4.201762534451701e-05	3.222674212325708e-05	-9.790883221259929e-06	0.0011428008895090407	0.0011330100062877807
1.2354402457508375e-22	1.5018164171731798e-05	-5.091899968591902e-06	-4.9994389296611985e-05	-1.1297646196767348e-08	1.6651323731021755e-07	2.0420642440552086e-08	-3.011455081169373e-08	-4.3597996213950977e-08	-8.16917324887047e-08	5.1416871759726855e-05	-1.5933813518122118e-05	-3.705036605017671e-06	-4.004789313943244e-05	3.1778021636587066e-05	-8.269871502845372e-06	0.0010612135191722025	0.0010529436476693571
1.2553346136373245e-22	1.2779431487196722e-05	-4.330043972082698e-06	-4.622381948349322e-05	-8.65515308066795e-09	1.4152502263629524e-07	1.5715755970243625e-08	-2.3191268724533353e-08	-1.1492790421271118e-07	-6.254570417021255e-08	4.766963171544291e-05	-1.3561174267117717e-05	-3.0796828379317877e-06	-3.782651121996077e-05	3.1028774610393394e-05	-6.7977366095673785e-06	0.0009833088807673378	0.0009765111441577704
1.2752289815238114e-22	1.0908055180224108e-05	-3.693998911722349e-06	-4.2667019615802184e-05	-6.5977594313085066e-09	1.198259921186941e-07	1.2133477572907848e-08	-1.7914548170722157e-08	-7.174525518648112e-08	-4.7085328905112845e-08	4.410824635003131e-05	-1.1577321559908925e-05	-2.501569836763714e-06	-3.546434676930245e-05	3.0029354953358674e-05	-5.434991815943779e-06	0.0009093742982724785	0.0009039393064565347
1.2951233494102983e-22	9.355371821169056e-06	-3.1669259037174845e-06	-3.932837916420368e-05	-5.008219801234674e-09	1.0110171603004922e-07	9.413797737181491e-09	-1.3904584565308676e-08	1.8126202451951996e-08	-3.484102053909429e-08	4.074260602912273e-05	-9.93092501681711e-06	-1.9789464581843563e-06	-3.3065045355438565e-05	2.8832734554121262e-05	-4.232310801317303e-06	0.000839591116726107	0.0008353588059247897
1.3150177172967852e-22	8.076117922124192e-06	-2.7330970118480638e-06	-3.62085961074253e-05	-3.788556899096725e-09	8.503726357150733e-08	7.352143742478069e-09	-1.0862545234812397e-08	9.870211203223647e-08	-2.53230339838802e-08	3.757834800057949e-05	-8.574182658964132e-06	-1.5162933508847488e-06	-3.071445781392074e-05	2.7487871990730612e-05	-3.2265858231901315e-06	0.0007740557675982529	0.0007708291817750628
1.3349120851832722e-22	7.028889567098435e-06	-2.3783029517004577e-06	-3.330461295372491e-05	-2.857956230796107e-09	7.132413451729699e-08	5.789649331409391e-09	-8.555429356383215e-09	1.3821182824260686e-07	-1.7951501406556482e-08	3.4616806121799984e-05	-7.463325637083224e-06	-1.110780845258935e-06	-2.8468065613229354e-05	2.604269963945782e-05	-2.4253659737715325e-06	0.000712778589532424	0.0007103532235586525
1.354806453069759e-22	6.1776609458755825e-06	-2.089910861490765e-06	-3.061128770641478e-05	-2.151840053361545e-09	5.967257092962375e-08	4.603982957701718e-09	-6.8045595238886524e-09	1.365739006473538e-07	-1.2344549370809047e-08	3.185650416481097e-05	-6.560244821314162e-06	-7.605319637416569e-07	-2.6343988116443338e-05	2.4535727379755153e-05	-1.8082607366881846e-06	0.0006557144092521083	0.0006539061485154201
1.374700820956246e-22	5.4895712528965465e-06	-1.8568604275982298e-06	-2.8121237535544813e-05	-1.6181196429102117e-09	4.98132943019201e-08	3.7017005366679437e-09	-5.471802982846718e-09	1.0733965739540438e-07	-8.108889756147898e-09	2.9293275985593668e-05	-5.830152698973826e-06	-4.6024754843708097e-07	-2.4342870870394406e-05	2.3002875738182757e-05	-1.3399951322116486e-06	0.0006027648021920802	0.0006014248070598686
1.394595188842733e-22	4.937815052218057e-06	-1.6697714566093194e-06	-2.582553517477954e-05	-1.2164630167781335e-09	4.150068811225694e-08	3.0122485395192996e-09	-4.4538808351843645e-09	6.652841208104685e-08	-4.977310719891455e-09	2.692069645426181e-05	-5.244662174899682e-06	-2.036972111797811e-07	-2.2457097885009833e-05	2.1472337068182343e-05	-9.847608168274898e-07	0.0005537867536462863	0.0005528019928294588
1.4144895567292199e-22	4.498067713538208e-06	-1.520553676776187e-06	-2.37144062224484e-05	-9.150436869584186e-10	3.4515290819863235e-08	2.4822376400733194e-09	-3.6714498003829794e-09	3.118823742793522e-08	-2.715878486731714e-09	2.4731133576276197e-05	-4.7779980553965496e-06	1.4528133511385186e-08	-2.067600879177258e-05	1.9967663654391032e-05	-7.083451373815487e-07	0.0005086140956481335	0.000507905750510752
1.4343839246157068e-22	4.1509981762979895e-06	-1.4025045647561746e-06	-2.177738487313871e-05	-6.897049106767219e-10	2.8662168963305917e-08	2.071811175162699e-09	-3.0659737678747873e-09	1.0068173936754851e-08	-1.0448158969023524e-09	2.2715695972175245e-05	-4.4096716966213945e-06	1.9970644533616213e-07	-1.8992889602097134e-05	1.850573072089001e-05	-4.871588812071245e-07	0.00046705621890493447	0.0004665690600237273
1.4542782925021937e-22	3.879545441528425e-06	-1.3099480785572391e-06	-2.0003702568149923e-05	-5.217189458624455e-10	2.3770605028169283e-08	1.7510600856909822e-09	-2.5929719217447537e-09	2.9785000437947764e-09	8.578795091363748e-11	2.086489844676252e-05	-4.121592817728048e-06	3.564543711916014e-07	-1.740863394293777e-05	1.7099760000226072e-05	-3.0887394271169767e-07	0.0004289115718394168	0.0004286026978967051
1.4741726603886807e-22	3.6695415905508815e-06	-1.2381546230500496e-06	-1.8382500988590173e-05	-3.9687664015859033e-10	1.969213987358813e-08	1.4976834322230989e-09	-2.2193559438010093e-09	7.732583323055479e-09	8.308406118824587e-10	1.916883484791401e-05	-3.898734663616952e-06	4.886740022428951e-07	-1.592397700643255e-05	1.5758774186539953e-05	-1.6520281989259726e-07	0.0003939710388690121	0.0003938058360491195
1.4940670282751674e-22	3.508933629623185e-06	-1.1831456514818462e-06	-1.6902954295231153e-05	-3.043534830133244e-10	1.629863169323198e-08	1.2950272354681145e-09	-1.9203741365742297e-09	1.8135172196902052e-08	1.3617371159604882e-09	1.7617394378239732e-05	-3.728309995752174e-06	6.000400851590204e-07	-1.4542300476467837e-05	1.4489124467646577e-05	-5.3176008821259404e-08	0.00036202223087415815	0.0003619690548653369
1.5139613961616543e-22	3.3880332935000946e-06	-1.1416200748710734e-06	-1.555460822962592e-05	-2.3609230439051113e-10	1.348032066531673e-08	1.130720999907737e-09	-1.6778438281140805e-09	2.8913397195462683e-08	1.6204609467964708e-09	1.6200580248865955e-05	-3.6000385377585576e-06	6.925685114229797e-07	-1.3264964047321917e-05	1.329311022253038e-05	2.8146175208463377e-08	0.00033285589518962865	0.0003328840413648371
1.5338557640481412e-22	3.2979901556835378e-06	-1.1107056279857013e-06	-1.4327273147544732e-05	-1.8590633786419496e-10	1.114366156107897e-08	9.954600894618532e-10	-1.4778972450940482e-09	3.8743863740097094e-08	1.7454294420005663e-09	1.4908567831630322e-05	-3.504526133463469e-06	7.680749171471318e-07	-1.2089024008597215e-05	1.2172116615313988e-05	8.309260671677343e-08	0.00030626698781383537	0.00030635008042055215
1.5537501319346281e-22	3.2317481388818357e-06	-1.0879863921066126e-06	-1.3211203903262641e-05	-1.4920147465326638e-10	9.209232082892561e-09	8.823429422382719e-10	-1.310453045241138e-09	4.621466026226959e-08	1.8024747218496797e-09	1.3731802090541581e-05	-3.4342821761270884e-06	8.276877106933693e-07	-1.1010793100998061e-05	1.1125207625107864e-05	1.1441452410980329e-07	0.0002820565695048671	0.0002821709840289769
1.573644499821115e-22	3.1827462913403386e-06	-1.0712894718720279e-06	-1.2197033732464018e-05	-1.22462320608383e-10	7.609959915622413e-09	7.861548538477019e-10	-1.1678129540144846e-09	5.017775670066809e-08	1.7184342552796988e-09	1.2661062662564707e-05	-3.3823398941193464e-06	8.724616000065987e-07	-1.0026574882544916e-05	1.0151184368451961e-05	1.2460948590704527e-07	0.0002600330517294013	0.0002601576612153084
1.593538867707602e-22	3.1452984826531606e-06	-1.0587189785174083e-06	-1.1275984756935121e-05	-1.0308544656332548e-10	6.289413576829535e-09	7.030199961274645e-10	-1.0442845419617583e-09	5.154908345647108e-08	1.625277496453728e-09	1.168763625536911e-05	-3.3426604070183788e-06	9.021923212543377e-07	-9.130385828262013e-06	9.247168169605067e-06	1.1678234134305394e-07	0.00024001565936352352	0.00024013244170486658
1.613433235594089e-22	3.1146201855765055e-06	-1.0485817914948628e-06	-1.0439677698572374e-05	-8.909506159351886e-11	5.200165362497134e-09	6.300478955743675e-10	-9.35720946783929e-10	4.9237880019837136e-08	1.5011982763520526e-09	1.0803143637828492e-05	-3.310161686710388e-06	9.172637694712014e-07	-8.318094828944843e-06	8.41024572058931e-06	9.215089164446713e-08	0.0002218308107559414	0.00022192296164758586
1.6333276034805759e-22	3.086259455666265e-06	-1.03933784035679e-06	-9.680247673054917e-06	-7.899872303439906e-11	4.302544988562266e-09	5.650813331029676e-10	-8.389897585711139e-10	4.238457799432627e-08	1.3179301011476588e-09	9.99970185854367e-06	-3.2801141957890456e-06	9.176044353580302e-07	-7.585673911809908e-06	7.637192098112655e-06	5.1518186302746475e-08	0.00020531539322246714	0.0002053669114087699
1.6532219713670628e-22	3.056038552892481e-06	-1.0295672669991663e-06	-8.990255128520644e-06	-7.165682575147172e-11	3.563415544243019e-09	5.065131620250794e-10	-7.517351222751003e-10	3.153507568866524e-08	1.1716786998087575e-09	9.26984807647508e-06	-3.2480790783329843e-06	9.034013963083939e-07	-6.927830551480613e-06	6.925170394450491e-06	-2.6601570301215362e-09	0.0001903151513469191	0.000190312491189889
1.6731163392535497e-22	3.020467570963054e-06	-1.018030179765118e-06	-8.362751463462061e-06	-6.621745885807949e-11	2.9551474386155104e-09	4.5318693357825815e-10	-6.722965898580416e-10	1.764609693140388e-08	9.9887314442576e-10	8.606569549478315e-06	-3.2103479760040365e-06	8.749541724429952e-07	-6.338999281864816e-06	6.271175745917274e-06	-6.782353594754182e-08	0.00017668526294628063	0.00017661743941033308
1.6930107071400366e-22	2.9767375849306006e-06	-1.0036789625712667e-06	-7.791284808254455e-06	-6.204421859902769e-11	2.454752734256786e-09	4.0428841700344616e-10	-5.99524634332864e-10	3.522808691719996e-09	8.254565607964231e-10	8.003312203537489e-06	-3.163935939387108e-06	8.327111993583895e-07	-5.811680448344278e-06	5.672087463508772e-06	-1.3959298483550596e-07	0.0001642904814481257	0.0001641508884632902
1.7129050750265236e-22	2.922068017985437e-06	-9.85574388374957e-07	-7.269733741459062e-06	-5.864075129781513e-11	2.0431305674698138e-09	3.5922351846828013e-10	-5.325196996824852e-10	-8.124352247869544e-09	6.871165046012658e-10	7.4538778289639256e-06	-3.1058878902618315e-06	7.780111358007155e-07	-5.338866153956894e-06	5.126001074502808e-06	-2.1286507945408607e-07	0.0001530029975166227	0.0001527901324371686
1.7327994429130105e-22	2.854879930034281e-06	-9.63069796964699e-07	-6.792536122232414e-06	-5.565988182827067e-11	1.7044423385019201e-09	3.1762245618136204e-10	-4.707727198684026e-10	-1.4399724916431175e-08	5.327593520563252e-10	6.952544856262733e-06	-3.034525796711091e-06	7.122500458929477e-07	-4.913097322534221e-06	4.6302691054445885e-06	-2.8282821708963243e-07	0.00014270489503192827	0.00014242206681483864
1.7526938107994974e-22	2.773535066966697e-06	-9.356786607541593e-07	-6.3544967581972945e-06	-5.2836459419772305e-11	1.4255748382126634e-09	2.79227076147836e-10	-4.1384190952821234e-10	-1.4391897591299034e-08	4.0815331153272265e-10	6.493991065461741e-06	-2.9481084984888595e-06	6.373742199156296e-07	-4.529385972719111e-06	4.18325678688851e-06	-3.461291858306016e-07	0.0001332865448542689	0.0001329404156684383
1.7725881786859844e-22	2.677774991298124e-06	-9.032296555706967e-07	-5.950912304514754e-06	-5.000328961733135e-11	1.1956883312495689e-09	2.4389658000696157e-10	-3.6153604920839824e-10	-8.876979555814504e-09	3.005371054843322e-10	6.073291545193271e-06	-2.8463614536811405e-06	5.558760126398953e-07	-4.183915365665226e-06	3.782806104152025e-06	-4.0110926151320105e-07	0.0001246465467099947	0.0001242454374484815
1.7924825465724713e-22	2.5676549981949857e-06	-8.657713272962541e-07	-5.577476547640639e-06	-4.705129628346823e-11	1.0058423985898215e-09	2.1153724930050193e-10	-3.136825269826665e-10	-4.6437398796368747e-10	1.9629297017806502e-10	5.685917196704861e-06	-2.7293436301495898e-06	4.706713726145548e-07	-3.875004311935069e-06	3.4272449391698263e-06	-4.4775937276524237e-07	0.00011669168495854949	0.00011624392558578424
1.8123769144589582e-22	2.4440683443213494e-06	-8.236430258523396e-07	-5.23042136995418e-06	-4.393300512833199e-11	8.486940532203472e-10	1.820951087127823e-10	-2.701734106229498e-10	7.672157378830712e-09	1.2271741783879748e-10	5.327824677189406e-06	-2.5980047648673984e-06	3.843829675897609e-07	-3.6014844939423188e-06	3.1142028799117697e-06	-4.872816140305491e-07	0.00010933876316314398	0.00010885148154911343
1.8322712823454451e-22	2.308534929866236e-06	-7.773923721143028e-07	-4.906335140291142e-06	-4.0641594635501995e-11	7.182115963454896e-10	1.5551584706687449e-10	-2.3090898366110314e-10	1.2513678834120556e-08	5.538798984616484e-11	4.995297919628508e-06	-2.4539607715561146e-06	3.002421334785424e-07	-3.3620213388501274e-06	2.841579281550934e-06	-5.204420572991933e-07	0.00010251134217052617	0.00010199090011322699
1.852165650231932e-22	2.163189271613825e-06	-7.2779633722918e-07	-4.602361555170371e-06	-3.7208895105791174e-11	6.094810340329647e-10	1.3174038446856813e-10	-1.9578237189654084e-10	1.2853799440819829e-08	3.9195917604040625e-12	4.685138356309535e-06	-2.2994809711857224e-06	2.2063431023783828e-07	-3.153602671601646e-06	2.6062916953616513e-06	-5.473109762399948e-07	9.614363616550983e-05	9.559632518926984e-05
1.872060018118419e-22	2.0105848471905177e-06	-6.757664733557716e-07	-4.316040392602714e-06	-3.3688942445328036e-11	5.18500336570391e-10	1.106827636891017e-10	-1.64655318288717e-10	9.053974869927931e-09	-3.042467833170123e-11	4.394525962135323e-06	-2.1372801158629244e-06	1.4783408197641985e-07	-2.9717676297368465e-06	2.405079928248818e-06	-5.666877014880284e-07	9.017765446061689e-05	8.961096675912886e-05
1.891954386004906e-22	1.8535532461551889e-06	-6.222981604033092e-07	-4.045312813424021e-06	-3.01496581465843e-11	4.420255587238351e-10	9.222651685632726e-11	-1.3735116908415864e-10	3.153214506601408e-09	-5.927660303692508e-11	4.121033840317794e-06	-1.9703686596427914e-06	8.370775104097595e-08	-2.810597038520228e-06	2.234372931715978e-06	-5.762241068042502e-07	8.456349557784326e-05	8.3987271471039e-05
1.9118487538913929e-22	1.694838729020671e-06	-5.684083374349116e-07	-3.7885707423769364e-06	-2.6662290319422203e-11	3.774473286005265e-10	7.622393121558649e-11	-1.1363949311983561e-10	-2.3829613317829987e-09	-7.403925774513016e-11	3.862705480935295e-06	-1.801664274137698e-06	2.9093020391557167e-08	-2.664283981904328e-06	2.090134227189154e-06	-5.741497547151736e-07	7.926092821773509e-05	7.868677846301992e-05
1.9317431217778795e-22	1.5374955362637483e-06	-5.150912429612633e-07	-3.5445379166421183e-06	-2.330071300237564e-11	3.2266577573155474e-10	6.250120543010105e-11	-9.327990494211393e-11	-5.427060442606588e-09	-8.278001583362082e-11	3.6179017063010276e-06	-1.6344141816136824e-06	-1.553278669500412e-08	-2.5273748774348565e-06	1.9679547379923415e-06	-5.59420139442515e-07	7.423624698250338e-05	7.367682684306086e-05
1.9516374896643665e-22	1.383948505770587e-06	-4.632213763982266e-07	-3.3122259027302106e-06	-2.0123272078718074e-11	2.759951651389372e-10	5.085877305767571e-11	-7.597438996207471e-11	-5.1255142815776916e-09	-8.581432093588652e-11	3.3853394031909186e-06	-1.4711965469538416e-06	-5.025096340674159e-08	-2.396479345684207e-06	1.8638918928303353e-06	-5.325874528538719e-07	6.946306433981507e-05	6.89304768869612e-05
1.9715318575508534e-22	1.2364825843710867e-06	-4.1355820621425916e-07	-3.0909539559453693e-06	-1.71793192890694e-11	2.360897416463349e-10	4.1085327171040615e-11	-6.141975997190158e-11	-1.9981378608665923e-09	-8.284471014444305e-11	3.1640643615242203e-06	-1.3144408221917443e-06	-7.584439781445062e-08	-2.269911984369996e-06	1.7737791415180256e-06	-4.961328428519706e-07	6.492175096198813e-05	6.442561811913616e-05
1.9914262254373403e-22	1.0969327180409675e-06	-3.666992262833725e-07	-2.8802260226102217e-06	-1.4502473775446672e-11	2.018669477091063e-10	3.2963453480819124e-11	-4.9302927346224766e-11	2.4241578163078684e-09	-7.818251501718537e-11	2.95335784078843e-06	-1.1660980734375519e-06	-9.330330484942803e-08	-2.147475530551268e-06	1.6939564625014495e-06	-4.5351906804981836e-07	6.0597516747979445e-05	6.014399767992963e-05
2.0113205933238273e-22	9.666307676299635e-07	-3.2307324046963016e-07	-2.67967937379457e-06	-1.2110527212649939e-11	1.7245139989831442e-10	2.627822994772885e-11	-3.9312054364833154e-11	6.432253579298945e-09	-7.065498016443721e-11	2.7526894711391687e-06	-1.0275845350721708e-06	-1.0368341643895222e-07	-2.029612940986834e-06	1.621421519628045e-06	-4.0819142135878905e-07	5.647944302144389e-05	5.60712516000851e-05
2.0312149612103142e-22	8.465280802396004e-07	-2.8295595359676073e-07	-2.489108556034338e-06	-1.000900495012246e-11	1.4713636023076764e-10	2.0825056565515315e-11	-3.115148299796823e-11	8.561524469708502e-09	-6.24321592849029e-11	2.56172664454163e-06	-8.999118996540122e-07	-1.0839003420663494e-07	-1.9169105361522257e-06	1.5534247106809834e-06	-3.6348582547124226e-07	5.256067408493783e-05	5.2197188259466584e-05
2.051109329096801e-22	7.370430656396323e-07	-2.464703585415366e-07	-2.3083460722775327e-06	-8.190234875718247e-12	1.2533901788500997e-10	1.6413610490166976e-11	-2.4541567321671974e-11	8.359314957474127e-09	-5.39730715959908e-11	2.3802312056666388e-06	-7.83525276402766e-07	-1.0862344522203451e-07	-1.809359002467381e-06	1.4880824840418377e-06	-3.2127651842554337e-07	4.8836296627061656e-05	4.8515020108636116e-05
2.071003696983288e-22	6.383569764791703e-07	-2.136252487637643e-07	-2.1372505385513505e-06	-6.639235770044248e-12	1.0657453699250259e-10	1.287253067914585e-11	-1.923290858999047e-11	6.195501282164182e-09	-4.5587012699637674e-11	2.2080181851565805e-06	-6.786176203630747e-07	-1.054342736926738e-07	-1.7062753216431687e-06	1.4239662911008321e-06	-2.8230903054233653e-07	4.5302492350186365e-05	4.502018331964403e-05
2.090898064869775e-22	5.502325478097661e-07	-1.8432523035697922e-07	-1.975712334735845e-06	-5.333789034850275e-12	9.043705188121957e-11	1.0050043381512993e-11	-1.500028228555307e-11	3.0349688141380055e-09	-3.794855830022605e-11	2.0449763648889756e-06	-5.849369343202886e-07	-9.987641197370831e-08	-1.6067278440032784e-06	1.3601630185949792e-06	-2.465648254082992e-07	4.195695935915403e-05	4.171039453374573e-05
2.110792432756262e-22	4.722813342508493e-07	-1.5840757189864214e-07	-1.8235883750908793e-06	-4.248840150746867e-12	7.65790863401099e-11	7.81503210807042e-12	-1.1649991685922573e-11	-4.8291642641124835e-11	-3.099514944809022e-11	1.8909783558253958e-06	-5.020704674439133e-07	-9.272669241221687e-08	-1.5097254042441502e-06	1.2961811959692656e-06	-2.1354420827488465e-07	3.8797066746456054e-05	3.858352253818117e-05
2.130686800642749e-22	4.0385754510400093e-07	-1.3565571457909388e-07	-1.6807050136593621e-06	-3.357018853681301e-12	6.47010434098384e-11	6.055701983346413e-12	-9.014146379545936e-12	-2.164788078331601e-09	-2.5002192583282932e-11	1.7458921882091614e-06	-4.2933185735284995e-07	-8.457251264749049e-08	-1.4146345878252102e-06	1.2319878182088208e-06	-1.8264676961638936e-07	3.5820092034264574e-05	3.563744526464818e-05
2.1505811685292355e-22	3.443189751288662e-07	-1.1582865708040284e-07	-1.5468717993402936e-06	-2.6322397992809522e-12	5.4543586681434544e-11	4.6785782367776216e-12	-6.953906330923187e-12	-2.992287824322738e-09	-1.983940486412516e-11	1.6095685709646517e-06	-3.6603852248727645e-07	-7.597049063545042e-08	-1.321343972502229e-06	1.1675595578419247e-06	-1.5378441466030423e-07	3.302295946365334e-05	3.2869175048993035e-05
2.1704755364157227e-22	2.928544722271373e-07	-9.866571508180963e-08	-1.4218483908570746e-06	-2.04877419887551e-12	4.5878968494045085e-11	3.606081429897687e-12	-5.351692191584116e-12	-2.664878943829934e-09	-1.5580755314562982e-11	1.4818249030237808e-06	-3.113282510779035e-07	-6.726637556824083e-08	-1.2302980088273584e-06	1.1032302763776365e-06	-1.2706773244972184e-07	3.0401911693680866e-05	3.0274843961231143e-05
2.1903699043022094e-22	2.486941706953134e-07	-8.390791781324068e-08	-1.3053539469877377e-06	-1.5835264838358858e-12	3.850688667761235e-11	2.7748755662782305e-12	-4.112218463543828e-12	-1.6183076549617888e-09	-1.205434547803926e-11	1.3624337009469586e-06	-2.6438269927063077e-07	-5.8692182645429695e-08	-1.1421624700888085e-06	1.0393588190308985e-06	-1.0280365105791006e-07	2.7952272150293735e-05	2.7849468499235826e-05
2.2102642721886965e-22	2.1108277508478574e-07	-7.130209787708036e-08	-1.1970809488587723e-06	-1.2159471019973979e-12	3.225146400676033e-11	2.1336054493131315e-12	-3.1581634523113025e-12	-3.9465582934314916e-10	-9.217124942252351e-12	1.2511384064841119e-06	-2.2439899376945825e-07	-5.04433827724917e-08	-1.0576741336464504e-06	9.76296029942162e-07	-8.137810370428847e-08	2.566876914454134e-05	2.558739104083705e-05
2.230158640075183e-22	1.7925444641758706e-07	-6.060385967984083e-08	-1.096697428612328e-06	-9.278927188286829e-13	2.6958159623650768e-11	1.6409043185800813e-12	-2.426738138504588e-12	5.539404318234222e-10	-6.969961915676493e-12	1.1476581620002277e-06	-1.9056303698998242e-07	-4.2671812777870874e-08	-9.774746269715887e-07	9.144233122323745e-07	-6.30513147392142e-08	2.354563366672151e-05	2.3482582351982297e-05
2.2500530079616704e-22	1.525023552563821e-07	-5.1586538375341325e-08	-1.003834130139315e-06	-7.03925334154116e-13	2.2490582433132272e-11	1.2638352715082435e-12	-1.8681022378235994e-12	1.0281513355660162e-09	-5.177387002388928e-12	1.0516688952631235e-06	-1.6212345069536415e-07	-3.540586987814032e-08	-9.018741569195778e-07	8.54139574689619e-07	-4.773458222995882e-08	2.1576211159205028e-05	2.152847657697507e-05
2.269947375848157e-22	1.30174007332993e-07	-4.403870039544428e-08	-9.181199167690358e-07	-5.311222142333777e-13	1.8729914265127117e-11	9.762468321936535e-13	-1.4428441478933183e-12	1.0305996480030082e-09	-3.81183970456871e-12	9.6283834689436e-07	-1.3838660934548292e-07	-2.872760203739271e-08	-8.309400898284534e-07	7.957241355114844e-07	-3.5215954316969e-08	1.9753680010038664e-05	1.9718464055721696e-05
2.2898417437346443e-22	1.1168004170416098e-07	-3.776819106853274e-08	-8.391637813446439e-07	-3.987931485193337e-13	1.5572081856564117e-11	7.575692493690203e-13	-1.1200611277596064e-12	7.070726036582839e-10	-2.742949328933835e-12	8.808082472215985e-07	-1.1872599546783618e-07	-2.2645656658641546e-08	-7.645327902578565e-07	7.394365950951208e-07	-2.5096195162735723e-08	1.807068576431158e-05	1.8045589569148843e-05
2.309736111621131e-22	9.646550821701838e-08	-3.259866044055807e-08	-7.665738213701674e-07	-2.9812058017685526e-13	1.2926783798506096e-11	5.916527314172066e-13	-8.754053180838439e-13	2.7425462809854535e-10	-1.9386473237481616e-12	8.052159078539344e-07	-1.0255166677393206e-07	-1.717070733654689e-08	-7.024223127023008e-07	6.854935337434555e-07	-1.6928778958845314e-08	1.651978399030538e-05	1.6502855211346536e-05
2.329630479507618e-22	8.40550135245054e-08	-2.8373014845806483e-08	-6.999534263709199e-07	-2.220648170355918e-13	1.0715694246400765e-11	4.659545230008721e-13	-6.90194784471969e-13	-8.544371023327682e-11	-1.3357406637766106e-12	7.356864978359128e-07	-8.93582518874458e-08	-1.2280253056046791e-08	-6.443479377539501e-07	6.340479928924203e-07	-1.0299944861529852e-08	1.5093281719634748e-05	1.5082981774773218e-05
2.349524847394105e-22	7.400886306993824e-08	-2.4949080820567075e-08	-6.389135906140501e-07	-1.6495056724236288e-13	8.871418655724307e-12	3.707349138618797e-13	-5.498733535030805e-13	-2.852597346753446e-10	-8.808257680052825e-13	6.71849621226915e-07	-7.86783264727919e-08	-7.957643310952589e-09	-5.901314215954735e-07	5.852136514431705e-07	-4.917770152303013e-09	1.3783577468013688e-05	1.3778659697861384e-05
2.369419215280592e-22	6.595203929942037e-08	-2.2201015764561713e-08	-5.830744493120976e-07	-1.2233660453787944e-13	7.33612262524652e-12	2.9850570912587904e-13	-4.4338197108072683e-13	-3.1065604595858906e-10	-5.538553868480205e-13	6.13338265315665e-07	-7.011322067578462e-08	-4.189527057841204e-09	-5.396275667688258e-07	5.390355175820391e-07	-5.920491867866487e-10	1.2583139582006182e-05	1.2582547532819396e-05
2.3893135831670787e-22	5.955223340491148e-08	-2.0017716700183755e-08	-5.320633693277634e-07	-9.072756102673274e-14	6.0602938130636186e-12	2.435371193845973e-13	-3.62258583073518e-13	-2.0963778611073323e-10	-3.1402274684611575e-13	5.597893813018764e-07	-6.330966560027861e-08	-9.351784037502412e-10	-4.92732953587105e-07	4.955445372978476e-07	2.811583710742681e-09	1.1484518088193376e-05	1.1487329671904119e-05
2.409207951053566e-22	5.451147585404017e-08	-1.8300601189943037e-08	-4.855239852028287e-07	-6.739959268019719e-14	5.001849513955018e-12	2.014590521423761e-13	-3.000401501146296e-13	-6.236561994138104e-11	-1.4279377115519522e-13	5.108536157443784e-07	-5.795089635009976e-08	1.8331475951268657e-09	-4.493707830836208e-07	4.547358669894055e-07	5.365083905784746e-09	1.048054428630087e-05	1.0485909370206655e-05
2.4291023189400525e-22	5.057887501661294e-08	-1.6964146548706966e-08	-4.4311331392165015e-07	-5.027353993792036e-14	4.125059740089247e-12	1.689756883260685e-13	-2.5190186244122583e-13	6.743936710742339e-11	-2.8207627489754696e-14	4.661914446852852e-07	-5.37701948617075e-08	4.153570321465793e-09	-4.0942718243423825e-07	4.1657482014504337e-07	7.147637710805127e-09	9.564251389605801e-06	9.571399027316606e-06
2.4489966868265397e-22	4.754434643360066e-08	-1.59344893063047e-08	-4.0450601956934826e-07	-3.7773407368771986e-14	3.3997405395294676e-12	1.4361543413438969e-13	-2.142554374489978e-13	1.4820981171930388e-10	5.365098895916923e-14	4.254780301121982e-07	-5.054422390958803e-08	6.057643962869235e-09	-3.7274460765221523e-07	3.809914501654794e-07	8.246842513264184e-09	8.7289741181055e-06	8.737220960618764e-06
2.4688910547130264e-22	4.521409963095619e-08	-1.514685504631505e-08	-3.6939286886022684e-07	-2.8683537621455645e-14	2.800465423905364e-12	1.235253729097834e-13	-1.8436462554821607e-13	1.7258050567117366e-10	1.0204112260515206e-13	3.8840413609541935e-07	-4.8066967517396076e-08	7.58373657063807e-09	-3.391502307861582e-07	3.479209051486614e-07	8.77067436250321e-09	7.968367458643775e-06	7.977138133006278e-06
2.4887854225995135e-22	4.343322990820832e-08	-1.4546484525453016e-08	-3.3748271920930157e-07	-2.210553991866722e-14	2.305877302962468e-12	1.0734021825070985e-13	-1.6024945303872821e-13	1.5493021358300247e-10	1.3139037645910636e-13	3.5467594037627436e-07	-4.6173748417289385e-08	8.76673850966429e-09	-3.0843868136005847e-07	3.172689304686493e-07	8.830249108590852e-09	7.2764027697794004e-06	7.2852330188879915e-06
2.508679790486e-22	4.206532191049381e-08	-1.4086362344612133e-08	-3.0850229722790185e-07	-1.7362267899253703e-14	1.8980960372977704e-12	9.405328842664871e-14	-1.4043305708094216e-13	1.229460853002895e-10	1.4714090837381208e-13	3.240167668276611e-07	-4.471954485204693e-08	9.639551916136555e-09	-2.8039841008181073e-07	2.8893677389175077e-07	8.538363809940038e-09	6.647403299182846e-06	6.655941662992786e-06
2.5285741583724874e-22	4.099495134732814e-08	-1.3726825455385023e-08	-2.821964466547323e-07	-1.3951885835342126e-14	1.5621879209818527e-12	8.293081438196804e-14	-1.238357955316378e-13	8.859296658753417e-11	1.4793363581184002e-13	2.9616707356378127e-07	-4.358165026786475e-08	1.0230161352133417e-08	-2.5483807253151176e-07	2.6281558464805e-07	7.977512116538257e-09	6.0760439183640186e-06	6.084021430480557e-06
2.548468526258974e-22	4.013136569512901e-08	-1.3435238964107592e-08	-2.583266296102161e-07	-1.150657904963211e-14	1.2856970189405847e-12	7.34449417607838e-14	-1.0969085939348025e-13	5.834431541620493e-11	1.4670615746023586e-13	2.708826687954751e-07	-4.266358636333336e-08	1.0570901369035545e-08	-2.315707739130988e-07	2.3878998380117736e-07	7.219209888078573e-09	5.557314501965307e-06	5.5645337118533855e-06
2.568362894145461e-22	3.938909846120048e-08	-1.3183684827853826e-08	-2.3667057345381042e-07	-9.748721469236835e-15	1.0582684277376815e-12	6.521146731682167e-14	-9.741665325292034e-14	3.1770317703112044e-11	1.3539038974661963e-13	2.479360905554707e-07	-4.187449422591411e-08	1.0693149024596908e-08	-2.104322377978505e-07	2.167547453541535e-07	6.322507556302978e-09	5.086548218665786e-06	5.092870726222089e-06
2.588257262031948e-22	3.870703334909519e-08	-1.2950524210682513e-08	-2.1702393695197523e-07	-8.481690909780907e-15	8.713063347696633e-13	5.796224020605203e-14	-8.661990542410963e-14	2.3300797628695574e-12	1.2436798354541582e-13	2.271164407177877e-07	-4.114940146568149e-08	1.0618548104122464e-08	-1.9126413919883745e-07	1.9658558735622865e-07	5.321448157391198e-09	4.659418113353225e-06	4.664739561510616e-06
2.6081516299184346e-22	3.802960321780664e-08	-1.2717648044616227e-08	-1.991956259213992e-07	-7.556631974662492e-15	7.176808721721263e-13	5.1503324156185216e-14	-7.700523615634093e-14	-3.2117373970831406e-11	1.1028373803645596e-13	2.0822651891718133e-07	-4.0429234902441964e-08	1.0379719310826983e-08	-1.7391499321611334e-07	1.7817700332556638e-07	4.26201010945304e-09	4.271878297367115e-06	4.276140307476568e-06
2.628045997804922e-22	3.731461388924208e-08	-1.2471542759061924e-08	-1.8301160470903912e-07	-6.867952765220394e-15	5.914964600773228e-13	4.570032347146577e-14	-6.836724044072795e-14	-6.334709928764104e-11	9.454935024934018e-14	1.9108572141229203e-07	-3.966913807325339e-08	9.993948925056292e-09	-1.5823122416720603e-07	1.614105322640949e-07	3.17930809688888e-09	3.920223411507264e-06	3.923402719604153e-06
2.6479403656914085e-22	3.6532077282174144e-08	-1.2202067420847098e-08	-1.683104232550809e-07	-6.338489711246223e-15	4.878746411383264e-13	4.0457881855566777e-14	-6.05639362431104e-14	-8.425840203529895e-11	8.114911065374944e-14	1.7552579345656073e-07	-3.883723076395766e-08	9.48803367581941e-09	-1.4406412921658148e-07	1.4617659636842245e-07	2.112467151840965e-09	3.601001476320817e-06	3.6031139434726577e-06
2.6678347335778957e-22	3.5656047909221825e-08	-1.1901754857921879e-08	-1.5494438479846157e-07	-5.91175737021206e-15	4.027899617759051e-13	3.570683384709629e-14	-5.348642252916436e-14	-8.468524930427347e-11	6.52659875852378e-14	1.6139259673538782e-07	-3.790593041159206e-08	8.882600331742648e-09	-1.3127433263186257e-07	1.3236926665553836e-07	1.0949340236757849e-09	3.31105014597608e-06	3.3121450799997557e-06
2.6877291014643824e-22	3.467001434089552e-08	-1.1565906028875675e-08	-1.4277867202618217e-07	-5.548020197804007e-15	3.329221408555142e-13	3.139717799602526e-14	-4.705816425743789e-14	-6.08847437068341e-11	5.310064078605851e-14	1.4854473657097904e-07	-3.685768377703852e-08	8.196124079416543e-09	-1.1973508364409398e-07	1.1988317687335703e-07	1.4809322926304842e-10	3.0474685396087066e-06	3.0476166328379697e-06
2.7076234693508695e-22	3.3565869613844954e-08	-1.1192059755608113e-08	-1.316901688912291e-07	-5.219612767617244e-15	2.755348973920622e-13	2.7491066211546408e-14	-4.1223937512483725e-14	-1.9217382279215184e-11	4.012117722476188e-14	1.3685245982158883e-07	-3.568387239655011e-08	7.448218755525902e-09	-1.0933527971168088e-07	1.0861680618056459e-07	-7.184735311162886e-10	2.807594627009351e-06	2.8068761534782348e-06
2.727517837237356e-22	3.2339224095416006e-08	-1.0779596039410792e-08	-1.2156787444238714e-07	-4.907683055997792e-15	2.283776839230128e-13	2.3958225722883786e-14	-3.593782307556899e-14	2.6910162161695415e-11	2.947327937222214e-14	1.2619840235880724e-07	-3.4379829695207244e-08	6.650988577197505e-09	-9.998109526053736e-08	9.84695612407975e-08	-1.5115340197398622e-09	2.5890205600348467e-06	2.587509026015107e-06
2.7474122051238434e-22	3.0992247911374906e-08	-1.0329232248403508e-08	-1.1231015072160144e-07	-4.599831561744868e-15	1.8959828258878747e-13	2.077259751246858e-14	-3.116347257895864e-14	6.235616612231936e-11	2.0304284879086068e-14	1.1647463856847412e-07	-3.2947862774955334e-08	5.824483467941195e-09	-9.158458398064687e-08	8.935125926145999e-08	-2.233324719186878e-09	2.389532138836478e-06	2.3872988141172913e-06
2.76730657301033e-22	2.9530294846817028e-08	-9.843049146155239e-09	-1.0382604915904904e-07	-4.288873440077288e-15	1.5767663268631345e-13	1.7911131020957587e-14	-2.6867740485449495e-14	7.436144979395889e-11	1.1926668612048545e-14	1.0758420011609006e-07	-3.139366328638384e-08	4.983252093401772e-09	-8.406428565077489e-08	8.1173788923108e-08	-2.890496727666888e-09	2.2071399677256504e-06	2.2042494709979836e-06
2.787200940896817e-22	2.79658803419253e-08	-9.324583311228836e-09	-9.603447404293222e-08	-3.972126717872373e-15	1.3136632714549444e-13	1.535300460592343e-14	-2.3023028234475582e-14	5.97959088270954e-11	6.023450583133726e-15	9.94398741444525e-08	-2.9730536438293507e-08	4.1402364009246575e-09	-7.733325535578127e-08	7.384957410708367e-08	-3.483681248697596e-09	2.0400547976771097e-06	2.0365711164284123e-06
2.807095308783304e-22	2.631108093425005e-08	-8.777881672327663e-09	-8.886223457966957e-08	-3.6489436592554445e-15	1.0964572814027646e-13	1.3077485725900524e-14	-1.9599420349638107e-14	2.6084254423361854e-11	5.077629919438984e-16	9.196293970563735e-08	-2.797132084403342e-08	3.3123587993533643e-09	-7.1302851080711e-08	6.730397766095729e-08	-3.9988734197537126e-09	1.8866616020527987e-06	1.882662728633045e-06
2.826989676669791e-22	2.4583959802236492e-08	-8.20819834339294e-09	-8.224476355631894e-08	-3.3214213065617845e-15	9.167960052032776e-14	1.1065039211964154e-14	-1.6570169714286782e-14	-1.3629844215849313e-11	-2.9898873996318665e-15	8.50832478818819e-08	-2.6135219518695815e-08	2.5153559678064083e-09	-6.588255207852992e-08	6.146338433099247e-08	-4.419167747537445e-09	1.7455212190162434e-06	1.741102051268706e-06
2.846884044556278e-22	2.280512419344621e-08	-7.62165688609578e-09	-7.612561472288873e-08	-2.993216151379563e-15	7.67865168363443e-14	9.296620191381288e-15	-1.3908431015211511e-14	-4.3697061909041e-11	-5.794268044865404e-15	7.873898457435505e-08	-2.424414008040453e-08	1.761833344195068e-09	-6.098578109022555e-08	5.625667783814559e-08	-4.729103252079962e-09	1.6153654839558503e-06	1.6106363807037704e-06
2.866778412442765e-22	2.099735802341435e-08	-7.024965206701727e-09	-7.045484928261218e-08	-2.6687866589677695e-15	6.441049812779488e-14	7.7533689265074e-15	-1.1587264737068184e-14	-5.404828298957756e-11	-7.5088383971597e-15	7.28750886944809e-08	-2.2322304165715412e-08	1.0672113200322497e-09	-5.6536454349911855e-08	5.161999584879774e-08	-4.916458501114118e-09	1.4950647770857993e-06	1.4901483185846851e-06
2.8866727803292516e-22	1.9182492175056783e-08	-6.425198395576724e-09	-6.518904006823556e-08	-2.352720975174223e-15	5.4099149212677436e-14	6.416576680752739e-15	-9.578375980882307e-15	-4.2835659550496904e-11	-8.354160279833248e-15	6.744347748173671e-08	-2.039292024250527e-08	4.447843046058633e-10	-5.247454171783735e-08	4.74953415438373e-08	-4.979200174000048e-09	1.3836326452272603e-06	1.3786534450532602e-06
2.906567148215739e-22	1.738460666437799e-08	-5.829901032921294e-09	-6.02909929917781e-08	-2.049858002680497e-15	4.548511275337897e-14	5.268034387322289e-15	-7.85456778775921e-15	-1.6784473236806354e-11	-8.749112842501125e-15	6.240242830117879e-08	-1.8481587833566196e-08	-9.578335352042719e-11	-4.875303973394967e-08	4.3825057114092174e-08	-4.927982619857497e-09	1.28021311851963e-06	1.2752851358997725e-06
2.9264615161022255e-22	1.5628611843514014e-08	-5.246705226870674e-09	-5.572856720617968e-08	-1.7647123970605112e-15	3.8269945888973496e-14	4.289875165087194e-15	-6.389228183519118e-15	1.325542717199842e-11	-8.484792287325813e-15	5.77154976375022e-08	-1.661478919240523e-08	-5.462147401024767e-10	-4.5333379241276155e-08	4.0554493704994484e-08	-4.778885536281671e-09	1.1840585326298064e-06	1.1792796470935248e-06
2.9463558839887127e-22	1.3936127263692205e-08	-4.682854989333735e-09	-5.147458409029826e-08	-1.5008642778179742e-15	3.2211719084133854e-14	3.4644896443241676e-15	-5.155142396787599e-15	3.52607380426471e-11	-8.038927444982239e-15	5.3351744071660296e-08	-1.4815508118779482e-08	-9.040026790466497e-10	-4.2186030096622525e-08	3.763223327383417e-08	-4.553796822788353e-09	1.0945341028264904e-06	1.089980306003702e-06
2.9662502518751993e-22	1.232611813564846e-08	-4.144948186643202e-09	-4.750545205601028e-08	-1.2608813287721998e-15	2.7113601679266425e-14	2.7747140368822605e-15	-4.125679196843098e-15	4.298249293575187e-11	-7.288125417021766e-15	4.928428285716709e-08	-1.31039065792675e-08	-1.1677886409466246e-09	-3.9281282400439494e-08	3.501258763695297e-08	-4.268694763486526e-09	1.0110882701670406e-06	1.006819575403554e-06
2.986144619761686e-22	1.0815965142158853e-08	-3.638824818683886e-09	-4.3801596803521534e-08	-1.0465068560988532e-15	2.281592823426792e-14	2.2040976876012583e-15	-3.275706436402529e-15	3.566834957975533e-11	-6.4700652101403935e-15	4.5490543336942325e-08	-1.1498462025280714e-08	-1.3434369970496206e-09	-3.6588773902719416e-08	3.2648644314611994e-08	-3.940129588107422e-09	9.332579822603253e-07	9.293178526722178e-07
3.006038987648173e-22	9.418405465301662e-09	-3.1691003845184792e-09	-4.034598376607628e-08	-8.582971560316114e-16	1.9188205797074584e-14	1.736905743328228e-15	-2.580997848094679e-15	1.8102239657826686e-11	-5.601078786456432e-15	4.1951073154053386e-08	-1.0012715396109538e-08	-1.4386730363983901e-09	-3.4078564560897525e-08	3.049968472154546e-08	-3.5788798393520654e-09	8.606441609262751e-07	8.57065281086923e-07
3.02593335553466e-22	8.141910955070619e-09	-2.739076385700999e-09	-3.7123649084059516e-08	-6.958115860245936e-16	1.6123345100588685e-14	1.35836024300261e-15	-2.018864497750196e-15	-1.8269578986714612e-12	-4.7508362499539325e-15	3.864900739317847e-08	-8.65567314975811e-09	-1.4628166201212088e-09	-3.172263145639557e-08	2.8530517623299154e-08	-3.1921138330964157e-09	7.929008112396082e-07	7.897086974065118e-07
3.045827723421147e-22	6.991428838700672e-09	-2.350708909718014e-09	-3.412185779690933e-08	-5.578706263853604e-16	1.3533390099558371e-14	1.0548245613447083e-15	-1.568618476636445e-15	-1.7046298900927206e-11	-3.96039439072537e-15	3.5570115562989786e-08	-7.432594711423473e-09	-1.4297413612698682e-09	-2.9498175665496442e-08	2.6707779490296438e-08	-2.7903961752000046e-09	7.297359852570111e-07	7.269455890818112e-07
3.0657220913076338e-22	5.967211565605367e-09	-2.0045537036824456e-09	-3.1328813611112466e-08	-4.425770555713147e-16	1.1345135853620389e-14	8.138973552061172e-16	-1.2114162125663219e-15	-2.3821566188832888e-11	-3.2464746490781036e-15	3.270163706611552e-08	-6.34374848041239e-09	-1.3519348733044766e-09	-2.738997005681308e-08	2.5005953712398642e-08	-2.3840163444144376e-09	6.708878910772507e-07	6.685038747328363e-07
3.085616459194121e-22	5.0665074180467335e-09	-1.6999550644977167e-09	-2.8733793783647693e-08	-3.4766308743968715e-16	9.497508300174237e-15	6.245395460360102e-16	-9.306817306344262e-16	-2.1547253231238492e-11	-2.6221250322969874e-15	3.003222927084854e-08	-5.386209119921103e-09	-1.2425489279827821e-09	-2.5388782461751925e-08	2.3403471222944656e-08	-1.9853112388072686e-09	6.161238274215591e-07	6.141385161827518e-07
3.1055108270806076e-22	4.284042021729183e-09	-1.4352282615421043e-09	-2.6326625233833845e-08	-2.7065921990253736e-16	7.939090374182881e-15	4.771050776164758e-16	-7.120603238028505e-16	-1.3192175279563549e-11	-2.088330592215558e-15	2.7551397568535122e-08	-4.5543694515740975e-09	-1.1133687353544284e-09	-2.3490998303781016e-08	2.1883659381606597e-08	-1.6073389221744189e-09	5.652284909468174e-07	5.636211520246429e-07
3.125405194967095e-22	3.61102222167203e-09	-1.2077806406835652e-09	-2.409752953294792e-08	-2.0896331916010844e-16	6.626370652701377e-15	3.632885279189373e-16	-5.430799695759909e-16	-3.087836170611193e-12	-1.6437026014290442e-15	2.5249431696912946e-08	-3.838881475030108e-09	-9.743364447638759e-10	-2.1697371194216775e-08	2.0436213777118957e-08	-1.2611574170978177e-09	5.180026698317205e-07	5.167415124146227e-07
3.1452995628535815e-22	3.038638472386516e-09	-1.0145212534627481e-09	-2.2037044432470692e-08	-1.6016546006614626e-16	5.522369525475712e-15	2.7611838673067044e-16	-4.135073316548916e-16	5.287452564043181e-12	-1.2743606300643866e-15	2.311698169633028e-08	-3.230379762799133e-09	-8.340856130936772e-10	-2.000763581052839e-08	1.9052516320437464e-08	-9.551194900909265e-10	4.742545442902289e-07	4.73299424800138e-07
3.1651939307400686e-22	2.5561359863180764e-09	-8.519423531134221e-10	-2.0135868762975145e-08	-1.2197762643466094e-16	4.59552454286011e-15	2.0980457018699119e-16	-3.147448944104594e-16	9.58537476709902e-12	-9.808594791523069e-16	2.1145090151106728e-08	-2.717430896480219e-09	-6.990286599761716e-10	-1.8422086367256276e-08	1.772863059465034e-08	-6.934557726059368e-10	4.33800347974772e-07	4.3310689220216606e-07
3.1850882986265553e-22	2.1529023632872046e-09	-7.164338998598316e-10	-1.8384747974588814e-08	-9.238633551675098e-17	3.818806984915871e-15	1.5964356571617648e-16	-2.398665180285271e-16	9.511341737099283e-12	-7.413296051932504e-16	1.9324873605627954e-08	-2.288752828084676e-09	-5.733204588994227e-10	-1.693876526455625e-08	1.6462800318643858e-08	-4.759649459123927e-10	3.964578320588914e-07	3.9598186711297903e-07
3.2049826665130425e-22	1.8185902105331919e-09	-6.044260441945692e-10	-1.6774585444762766e-08	-6.965753027196365e-17	3.1690957232674174e-15	1.2186781310348216e-16	-1.833372453237122e-16	6.465100314769749e-12	-5.573570836908989e-16	1.7647615733472557e-08	-1.9333452378494314e-09	-4.596391433437232e-10	-1.55539536974977e-08	1.5254631352279406e-08	-2.993223452182948e-10	3.620481766110671e-07	3.617488542658488e-07
3.224877034399529e-22	1.5433615835264487e-09	-5.125196403989595e-10	-1.529643665044324e-08	-5.2331416798903114e-17	2.626610227734565e-15	9.35032953737804e-17	-1.407842574585869e-16	2.238273012204108e-12	-4.111400385791402e-16	1.610473608879171e-08	-1.640749399801115e-09	-3.5928831734952453e-10	-1.4263354318445736e-08	1.4104698371641073e-08	-1.5865594680466281e-10	3.303953494906505e-07	3.3023669354384586e-07
3.2447714022860163e-22	1.3181674382662573e-09	-4.375823387790529e-10	-1.3941541940762805e-08	-3.920806786989101e-17	2.174448799344438e-15	7.223484498512511e-17	-1.0879966137719343e-16	-1.4767510365327429e-12	-2.999924052430827e-16	1.4687793453732323e-08	-1.401345268038444e-09	-2.724846352588654e-10	-1.3062431793628622e-08	1.3013963550435012e-08	-4.8468243193609883e-11	3.0132617499977496e-07	3.0127770675658137e-07
3.264665770172503e-22	1.1348983253038118e-09	-3.768044276002897e-10	-1.2701375099823861e-08	-2.93207453465537e-17	1.7982000254058665e-15	5.628251716571255e-17	-8.475873662372151e-17	-3.502637851229253e-12	-2.1543998535607328e-16	1.338851764503029e-08	-1.2065116799219675e-09	-1.986757930741082e-10	-1.1946782315008495e-08	1.1983330172034213e-08	3.6547857025717656e-11	2.746709863900836e-07	2.747075342471093e-07
3.28456013805899e-22	9.864367498365853e-10	-3.2772251028419666e-10	-1.1567691167871263e-08	-2.1903575489717266e-17	1.4856073107790283e-15	4.4292923152348395e-17	-6.666030831582932e-17	-3.7645500870329525e-12	-1.507167868779656e-16	1.2198850635625411e-08	-1.0486820203228559e-09	-1.3681342063782325e-10	-1.0912740187786339e-08	1.1013355194664736e-08	1.0061500687839729e-10	2.50264469473617e-07	2.503650844804954e-07
3.304454505945477e-22	8.666424518775321e-10	-2.882188102798166e-10	-1.053256867987908e-08	-1.635837897006126e-17	1.226275943176728e-15	3.524690158017279e-17	-5.299178977401065e-17	-2.7283410877353316e-12	-1.0384375596887772e-16	1.1110989072441193e-08	-9.213285730966046e-10	-8.5570724484173e-11	-9.95687229104018e-09	1.0104089774860419e-08	1.4721748382023913e-10	2.2794653487886352e-07	2.2809375236268376e-07
3.324348873831964e-22	7.703017998682989e-10	-2.5650378170889815e-10	-9.588443473523794e-09	-1.2223687646932477e-17	1.0114157437518147e-15	2.838330417693763e-17	-4.261868996246852e-17	-1.0792602395799211e-12	-6.802095407353092e-17	1.0117422216408202e-08	-8.189087214900455e-10	-4.350478371402116e-11	-9.075723798668257e-09	9.255008711204134e-09	1.7928491253587683e-10	2.0756309639420323e-07	2.077423813067391e-07
3.3442432417184508e-22	6.930733438018098e-10	-2.310888446988159e-10	-8.728138124449482e-09	-9.147622549714852e-18	8.336153789110821e-16	2.3137621616269223e-17	-3.4696760897543474e-17	3.803189287136792e-13	-4.28344243827851e-17	9.21096601547691e-09	-7.368070656940968e-10	-9.196914461876551e-12	-8.265772536343586e-09	8.464962035320936e-09	1.9918949897734984e-10	1.8896676997973809e-07	1.8916595947871544e-07
3.364137609604938e-22	6.313449489483705e-10	-2.1074735337399502e-10	-7.944897547817911e-09	-6.863340540064471e-18	6.866462293930508e-16	1.9092922791259513e-17	-2.859874672668211e-17	1.2344386227191827e-12	-2.4412546503807617e-17	8.384811675433801e-09	-6.711835416146034e-10	1.8576902958693635e-11	-7.523064867756294e-09	7.732205036777891e-09	2.091401690215968e-10	1.7201787020901242e-07	1.7222701037803401e-07
3.3840319774914246e-22	5.820116190334056e-10	-1.9447181454705846e-10	-7.232357213278409e-09	-5.1678197766542876e-18	5.65282548509253e-16	1.5941805536433897e-17	-2.3855169120999865e-17	1.4486157925138835e-12	-1.1390552040736277e-17	7.632516011361108e-09	-6.187372244892194e-10	4.102368648605533e-11	-6.843368252188736e-09	7.054802473357944e-09	2.1143422116920836e-10	1.5658421231788924e-07	1.5679564653905845e-07
3.4039263453779113e-22	5.427689494276682e-10	-1.8146325472647447e-10	-6.584570556395991e-09	-3.912647956888005e-18	4.651523580385509e-16	1.3459845979870839e-17	-2.0129657855428276e-17	1.1341223629039476e-12	-2.857504540871374e-18	6.947999470852032e-09	-5.770182993519066e-10	5.91340727405964e-11	-6.2221302876195005e-09	6.430115244240721e-09	2.0798495662122043e-10	1.4254107164381103e-07	1.4274905660043224e-07
3.4238207132643985e-22	5.115143830845526e-10	-1.7106061986980746e-10	-5.996001584910766e-09	-2.9838443196857092e-18	3.8260812315282323e-16	1.1480795705448926e-17	-1.716523691151728e-17	6.053733925632109e-13	3.2708193554419683e-18	6.3255959806787534e-09	-5.43791535559282e-10	7.372825596714899e-11	-5.654942071092799e-09	5.855532701086622e-09	2.0059062999382276e-10	1.2977220624550904e-07	1.2997279687550286e-07
3.443715081150885e-22	4.866469833504314e-10	-1.6273842845905993e-10	-5.4615216035919285e-09	-2.2980782933787135e-18	3.146117164663278e-16	9.882859437353133e-18	-1.4776668847070008e-17	1.5211450366152134e-13	6.618471599601098e-18	5.760020083520014e-09	-5.173549756327634e-10	8.539249077214983e-11	-5.137460620158595e-09	5.3280575986594e-09	1.9059697850080455e-10	1.1816918269500942e-07	1.1835977967351023e-07
3.4636094490373723e-22	4.668223765392132e-10	-1.5606773437451272e-10	-4.976375815409696e-09	-1.7928498567607835e-18	2.586363737289361e-16	8.5758303207484e-18	-1.2825807676306607e-17	-1.39606038028138e-13	8.786410422793672e-18	5.24635692136406e-09	-4.96279414442034e-10	9.460643763139874e-11	-4.665760517903066e-09	4.844683944553424e-09	1.7892342665035798e-10	1.0763117057933168e-07	1.0781009400598203e-07
3.483503816923859e-22	4.509096407451295e-10	-1.5069383785749488e-10	-4.536165747469171e-09	-1.421426787811229e-18	2.1258420597691662e-16	7.492540520466604e-18	-1.1209677855397089e-17	-2.3617076102212504e-13	9.63004878841268e-18	4.780047965075494e-09	-4.793625676629132e-10	1.0175703610542015e-10	-4.2361858982668676e-09	4.402442433518001e-09	1.6625653525113346e-10	9.806464973359498e-08	9.823090626884612e-08
3.503398184810346e-22	4.3802906110323186e-10	-1.4632644977200127e-10	-4.136857989569838e-09	-1.1494808423064042e-18	1.747170764868139e-16	6.5830475989635345e-18	-9.853195247560896e-18	-2.0865717047606103e-13	9.618072998010242e-18	4.356894713827505e-09	-4.656692094477851e-10	1.0700929695024938e-10	-3.845363855493561e-09	3.998234801329971e-09	1.5287094583640955e-10	8.938348613381302e-08	8.953635707964943e-08
3.523292552696833e-22	4.2734534079215727e-10	-1.4270936417975903e-10	-3.774722104489749e-09	-9.507066052205975e-19	1.435952849563261e-16	5.809345198066814e-18	-8.698085853427341e-18	-1.9325292954339744e-13	9.305202986524568e-18	3.973016201385594e-09	-4.543113348065423e-10	1.1053899710874633e-10	-3.490279231745854e-09	3.629243863687798e-09	1.3896463194194365e-10	8.15080601186809e-08	8.164702475062283e-08
3.54318692058332e-22	4.1816694427948206e-10	-1.3962175501975888e-10	-3.446340987330219e-09	-8.056686792816832e-19	1.1802863231137733e-16	5.142784871532821e-18	-7.701316440662454e-18	-2.141304001792605e-13	8.279011656657658e-18	3.624848315726317e-09	-4.445537715314727e-10	1.1238939408096153e-10	-3.1680098055272304e-09	3.2926839382758057e-09	1.2467413274857532e-10	7.436525242949384e-08	7.448992656224241e-08
3.5630812884698067e-22	4.0993448218345485e-10	-1.3687039019111648e-10	-3.148574792781904e-09	-6.999267703305964e-19	9.703353065840625e-17	4.561685319679297e-18	-6.8312514737317205e-18	-2.721220060485961e-13	7.419192209799959e-18	3.3091085588363324e-09	-4.358018321339299e-10	1.1259106085501082e-10	-2.8757827213123848e-09	2.985897787557413e-09	1.1011506624502828e-10	6.788772124146248e-08	6.799783630770751e-08
3.582975656356294e-22	4.020651645674241e-10	-1.3427327525067233e-10	-2.8785449312285647e-09	-6.223040874478072e-19	7.979835191868619e-17	4.049262696312106e-18	-6.062514932066894e-18	-3.2299562140219947e-13	6.11635327008521e-18	3.022793093400717e-09	-4.274359519606493e-10	1.1111626597485044e-10	-2.6110759542540666e-09	2.7064734074149185e-09	9.539745316085183e-11	6.201384157408624e-08	6.210923902724709e-08
3.6028700242427806e-22	3.941215592551838e-10	-1.3167182069912342e-10	-2.633612474608023e-09	-5.646331036572002e-19	6.56534030926622e-17	3.592938333031207e-18	-5.37721150434205e-18	-2.8978955311139066e-13	5.01311861134643e-18	2.76313921980006e-09	-4.1899109635978224e-10	1.0796648731888496e-10	-2.3714524572874584e-09	2.4521146107591626e-09	8.06621534717042e-11	5.66869354903231e-08	5.6767597643794806e-08
3.6227643921292677e-22	3.856510148336966e-10	-1.2891671420571393e-10	-2.411356350593981e-09	-5.205601665911247e-19	5.4046749532859644e-17	3.183000469244392e-18	-4.760931771893642e-18	-1.4644530578414397e-13	3.819904516130341e-18	2.5276172895462494e-09	-4.099860510868551e-10	1.0316340503846018e-10	-2.1547684395036197e-09	2.220794643497854e-09	6.602620399423438e-11	5.1855106196569365e-08	5.19211324005636e-08
3.6426587600157544e-22	3.76332491215365e-10	-1.258825270521729e-10	-2.2095625082336945e-09	-4.854767130781294e-19	4.4523661465445334e-17	2.8123118694676567e-18	-4.203777746980949e-18	6.538868000924082e-14	2.690889669624222e-18	2.3139058920498996e-09	-4.0007951805043664e-10	9.678643348789458e-11	-1.959047110052885e-09	2.0106128074873577e-09	5.156569743447279e-11	4.7470728988315344e-08	4.7522294685749815e-08
3.6625531279022416e-22	3.658448974028038e-10	-1.2245851827364788e-10	-2.026203962519619e-09	-4.558197266629562e-19	3.6709842057328053e-17	2.4754694992995727e-18	-3.6977333131341186e-18	2.88329611176996e-13	1.7424450585911404e-18	2.1198829997463997e-09	-3.8893014503483795e-10	8.896468005645586e-11	-1.7825292170050823e-09	1.8199175347680173e-09	3.738831776293509e-11	4.349026958820272e-08	4.352765790596565e-08
3.6824474957887283e-22	3.5398529690178616e-10	-1.18564140729596e-10	-1.8594404452862696e-09	-4.290939081897564e-19	3.0297421261469824e-17	2.168665096803473e-18	-3.2373850704291864e-18	4.229154284002083e-13	7.668880603718179e-19	1.9436140620614494e-09	-3.763221900155415e-10	7.98533998479967e-11	-1.6235963441191842e-09	1.6471452718939045e-09	2.3548927774720346e-11	3.987403988836985e-08	3.9897588816144566e-08
3.7023418636752155e-22	3.405913843598825e-10	-1.1414130066876456e-10	-1.7075832568299517e-09	-4.0345200516843975e-19	2.5033137242910763e-17	1.8890893558823664e-18	-2.818469542267824e-18	4.101794198371309e-13	6.572645598968107e-20	1.7833237355776589e-09	-3.62083105982358e-10	6.974366333161362e-11	-1.4807229699529649e-09	1.4909842929269143e-09	1.026132297394944e-11	3.658561798283215e-08	3.65958793058061e-08
3.722236231561702e-22	3.256263665324445e-10	-1.0916813417305827e-10	-1.5691056151157e-09	-3.777469523664169e-19	2.070897696661237e-17	1.6348432695631219e-18	-2.4382026758557524e-18	2.5582590830841946e-13	-6.43992156092763e-19	1.6373973871872762e-09	-3.4617377799575693e-10	5.896633911705418e-11	-1.3523915379641267e-09	1.350189948308573e-09	-2.2015896555536207e-12	3.359187900495928e-08	3.3589677415303726e-08
3.7421305994481893e-22	3.0912415079284806e-10	-1.0365596096194015e-10	-1.442632292048308e-09	-3.5131637127264254e-19	1.715427311775364e-17	1.4045754403918577e-18	-2.0943715450915873e-18	1.1191137918094148e-14	-1.1296983173219635e-18	1.5043748308699356e-09	-3.286302530273718e-10	4.786196000618744e-11	-1.2371528960960199e-09	1.2236065378487511e-09	-1.3546358247268738e-11	3.08628666346364e-08	3.084932027638913e-08
3.762024967334676e-22	2.9123333875088187e-10	-9.765077995384842e-11	-1.3269216025119534e-09	-3.239310692461512e-19	1.4229038743749174e-17	1.1972836631714686e-18	-1.7853872689092187e-18	-2.26664229402946e-13	-1.5534238679288706e-18	1.3829279609196395e-09	-3.0961050962838603e-10	3.683654835327363e-11	-1.1335656961807428e-09	1.110153999644527e-09	-2.3411696536215874e-11	2.8371334234524593e-08	2.834792253798838e-08
3.781919335221163e-22	2.721594930479318e-10	-9.122731048380308e-11	-1.2208593637746192e-09	-2.956490690349699e-19	1.1818632067735658e-17	1.01208447660583e-18	-1.5096816765393323e-18	-3.67001268647978e-13	-1.85061607252454e-18	1.2718589291900315e-09	-2.893330816909316e-10	2.6304181334455597e-11	-1.040294173304369e-09	1.008830028833556e-09	-3.1464144470813034e-11	2.609270745532222e-08	2.6061243310851406e-08
3.80181370310765e-22	2.52196334660177e-10	-8.4489734101801e-11	-1.1234653275970587e-09	-2.668125594788053e-19	9.829409733607534e-18	8.481377380520918e-19	-1.2658178599898767e-18	-3.6465967129478863e-13	-2.039440322849579e-18	1.1701025294815358e-09	-2.681102243383941e-10	1.6589391180884417e-11	-9.561233796045003e-10	9.185816963240263e-10	-3.754168328047402e-11	2.4005133152297095e-08	2.396759146901662e-08
3.821708070994137e-22	2.317035438123544e-10	-7.756091977074735e-11	-1.0338667669901856e-09	-2.3792293818732287e-19	8.184863327689322e-18	7.044918072472353e-19	-1.0522905659734008e-18	-2.313051675850358e-13	-2.176569287463208e-18	1.076701509284724e-09	-2.463243140504393e-10	8.006518671916341e-12	-8.799554426935913e-10	8.383837139062012e-10	-4.157172878739008e-11	2.2088972895457107e-08	2.2047401166669718e-08
3.8416024388806237e-22	2.1103246380885293e-10	-7.057180608305641e-11	-9.513034600321818e-10	-2.095262618880941e-19	6.8226904524466426e-18	5.800090639221588e-19	-8.6720709433810895e-19	-2.4823966848099046e-14	-2.2136984024533967e-18	9.908170254775202e-10	-2.2434886431712897e-10	7.428776075961699e-13	-8.108676221609654e-10	7.672110387679873e-10	-4.365658339297803e-11	2.0327017472366382e-08	2.0283360888973402e-08
3.8614968067671104e-22	1.90577623234013e-10	-6.36568013623546e-11	-8.751138918520747e-10	-1.8221526100193367e-19	5.6921863829791385e-18	4.73389818059723e-19	-7.086242511264221e-19	1.6545832341842729e-13	-2.235311947341767e-18	9.117096900037473e-10	-2.0260329895146148e-10	-5.105178673597851e-12	-7.480276086175731e-10	7.040012123786879e-10	-4.4026396238885227e-11	1.8704098032387692e-08	1.8660071636148808e-08
3.8813911746535976e-22	1.706822709584167e-10	-5.6938986011114175e-11	-8.047199490520722e-10	-1.5648804653774933e-19	4.752095729276677e-18	3.831372529620571e-19	-5.742527309106681e-19	2.7627812882800375e-13	-2.203076265159351e-18	8.3873241293349e-10	-1.8145252624163724e-10	-9.519156832799858e-12	-6.907003837745256e-10	6.477607298590528e-10	-4.293965391547282e-11	1.7206939259065705e-08	1.7163999605150232e-08
3.9012855425400843e-22	1.5165042329813231e-10	-5.0526034748690424e-11	-7.396272642671354e-10	-1.3275183852479776e-19	3.968928621195346e-18	3.0763122908949784e-19	-4.616670033893392e-19	2.752036583607976e-13	-2.1798610937788053e-18	7.71328902337631e-10	-1.6121974630027055e-10	-1.2602522247491456e-11	-6.382276705570527e-10	5.97506633789869e-10	-4.0721036767183697e-11	1.5824128594383786e-08	1.5783407557616603e-08
3.9211799104265714e-22	1.3373526015758993e-10	-4.45042025098333e-11	-6.794044275459285e-10	-1.1129001137225844e-19	3.3154219020537664e-18	2.45180981511766e-19	-3.683847872672744e-19	1.7808050235453763e-13	-2.1669593201218297e-18	7.090139109041305e-10	-1.421741149898859e-10	-1.4502812112366956e-11	-5.899952884818485e-10	5.523369838018778e-10	-3.7658304679970697e-11	1.4545710989955728e-08	1.4508052685275757e-08
3.941074278313058e-22	1.1711917340060382e-10	-3.893509076638409e-11	-6.236731884732317e-10	-9.22475896342492e-20	2.7693478540335007e-18	1.9408747029712593e-19	-2.919135879893662e-19	3.62932012884712e-14	-2.2281933773044805e-18	6.513649874971672e-10	-1.2450953332218636e-10	-1.5394238378584377e-11	-5.454528122866427e-10	5.114612157963963e-10	-3.3991596490246395e-11	1.3363019686845367e-08	1.3329028090355121e-08
3.9609686461995453e-22	1.0192467481740161e-10	-3.3856580995194446e-11	-5.721060201737029e-10	-7.56560574384294e-20	2.3125789055411263e-18	1.527108726102599e-19	-2.2986677293391873e-19	-9.365943777480267e-14	-2.529713316588812e-18	5.980185660537781e-10	-1.0835624373075443e-10	-1.5495502180195538e-11	-5.041315861592172e-10	4.741668201428283e-10	-2.996476601638897e-11	1.2268595977649303e-08	1.2238631211632913e-08
