Energy_h	t01	t02	t03	t04	t05	t06	t07	t08	t09	t11	t12	t13	B0	B1	Num_spec_correction	Num_spec_unper	Num_spec_total
9.947183943243458e-26	0.0	0.0	0.0	0.0	0.0	0.0	0.0	0.0	0.0	0.0	0.0	0.0	0.0	0.0	0.0	0.0	0.0
1.0941902337567804e-24	0.0	0.0	0.0	0.0	0.0	0.0	0.0	0.0	0.0	0.0	0.0	0.0	0.0	0.0	0.0	0.0	0.0
2.0889086280811263e-24	0.0	0.0	0.0	0.0	0.0	0.0	0.0	0.0	0.0	0.0	0.0	0.0	0.0	0.0	0.0	0.0	0.0
3.0836270224054724e-24	0.0	0.0	0.0	0.0	0.0	0.0	0.0	0.0	0.0	0.0	0.0	0.0	0.0	0.0	0.0	0.0	0.0
4.0783454167298184e-24	0.0	0.0	0.0	0.0	0.0	0.0	0.0	0.0	0.0	0.0	0.0	0.0	0.0	0.0	0.0	0.0	0.0
5.073063811054164e-24	0.0	0.0	0.0	0.0	0.0	0.0	0.0	0.0	0.0	0.0	0.0	0.0	0.0	0.0	0.0	0.0	0.0
6.0677822053785105e-24	0.0	0.0	0.0	0.0	0.0	0.0	0.0	0.0	0.0	0.0	0.0	0.0	0.0	0.0	0.0	0.0	0.0
7.062500599702855e-24	0.0	0.0	0.0	0.0	0.0	0.0	0.0	0.0	0.0	0.0	0.0	0.0	0.0	0.0	0.0	0.0	0.0
8.057218994027202e-24	0.0	0.0	0.0	0.0	0.0	0.0	0.0	0.0	0.0	0.0	0.0	0.0	0.0	0.0	0.0	0.0	0.0
9.051937388351548e-24	0.0	0.0	0.0	0.0	0.0	0.0	0.0	0.0	0.0	0.0	0.0	0.0	0.0	0.0	0.0	0.0	0.0
1.0046655782675893e-23	0.0	0.0	0.0	0.0	0.0	0.0	0.0	0.0	0.0	0.0	0.0	0.0	0.0	0.0	0.0	0.0	0.0
1.104137417700024e-23	0.0	0.0	0.0	0.0	0.0	0.0	0.0	0.0	0.0	0.0	0.0	0.0	0.0	0.0	0.0	0.0	0.0
1.2036092571324586e-23	0.0	0.0	0.0	0.0	0.0	0.0	0.0	0.0	0.0	0.0	0.0	0.0	0.0	0.0	0.0	0.0	0.0
1.3030810965648931e-23	0.0	0.0	0.0	0.0	0.0	0.0	0.0	0.0	0.0	0.0	0.0	0.0	0.0	0.0	0.0	0.0	0.0
1.4025529359973274e-23	0.0	0.0	0.0	0.0	0.0	0.0	0.0	0.0	0.0	0.0	0.0	0.0	0.0	0.0	0.0	0.0	0.0
1.502024775429762e-23	0.0	0.0	0.0	0.0	0.0	0.0	0.0	0.0	0.0	0.0	0.0	0.0	0.0	0.0	0.0	0.0	0.0
1.6014966148621967e-23	0.0	0.0	0.0	0.0	0.0	0.0	0.0	0.0	0.0	0.0	0.0	0.0	0.0	0.0	0.0	0.0	0.0
1.7009684542946314e-23	0.0	0.0	0.0	0.0	0.0	0.0	0.0	0.0	0.0	0.0	0.0	0.0	0.0	0.0	0.0	0.0	0.0
1.800440293727066e-23	0.0	0.0	0.0	0.0	0.0	0.0	0.0	0.0	0.0	0.0	0.0	0.0	0.0	0.0	0.0	0.0	0.0
1.8999121331595004e-23	0.0	0.0	0.0	0.0	0.0	0.0	0.0	0.0	0.0	0.0	0.0	0.0	0.0	0.0	0.0	0.0	0.0
1.999383972591935e-23	0.0	0.0	0.0	0.0	0.0	0.0	0.0	0.0	0.0	0.0	0.0	0.0	0.0	0.0	0.0	0.0	0.0
2.0988558120243696e-23	0.0	0.0	0.0	0.0	0.0	0.0	0.0	0.0	0.0	0.0	0.0	0.0	0.0	0.0	0.0	0.0	0.0
2.1983276514568043e-23	0.0	0.0	0.0	0.0	0.0	0.0	0.0	0.0	0.0	0.0	0.0	0.0	0.0	0.0	0.0	0.0	0.0
2.297799490889239e-23	0.0	0.0	0.0	0.0	0.0	0.0	0.0	0.0	0.0	0.0	0.0	0.0	0.0	0.0	0.0	0.0	0.0
2.3972713303216736e-23	0.0	0.0	0.0	0.0	0.0	0.0	0.0	0.0	0.0	0.0	0.0	0.0	0.0	0.0	0.0	0.0	0.0
2.496743169754108e-23	0.0	0.0	0.0	0.0	0.0	0.0	0.0	0.0	0.0	0.0	0.0	0.0	0.0	0.0	0.0	0.0	0.0
2.5962150091865426e-23	0.0	0.0	0.0	0.0	0.0	0.0	0.0	0.0	0.0	0.0	0.0	0.0	0.0	0.0	0.0	0.0	0.0
2.695686848618977e-23	0.0	0.0	0.0	0.0	0.0	0.0	0.0	0.0	0.0	0.0	0.0	0.0	0.0	0.0	0.0	0.0	0.0
2.7951586880514116e-23	0.0	0.0	0.0	0.0	0.0	0.0	0.0	0.0	0.0	0.0	0.0	0.0	0.0	0.0	0.0	0.0	0.0
2.894630527483846e-23	0.0	0.0	0.0	0.0	0.0	0.0	0.0	0.0	0.0	0.0	0.0	0.0	0.0	0.0	0.0	0.0	0.0
2.994102366916281e-23	0.0	0.0	0.0	0.0	0.0	0.0	0.0	0.0	0.0	0.0	0.0	0.0	0.0	0.0	0.0	0.0	0.0
3.0935742063487155e-23	0.0	0.0	0.0	0.0	0.0	0.0	0.0	0.0	0.0	0.0	0.0	0.0	0.0	0.0	0.0	0.0	0.0
3.19304604578115e-23	0.0	0.0	0.0	0.0	0.0	0.0	0.0	0.0	0.0	0.0	0.0	0.0	0.0	0.0	0.0	0.0	0.0
3.292517885213585e-23	0.0	0.0	0.0	0.0	0.0	0.0	0.0	0.0	0.0	0.0	0.0	0.0	0.0	0.0	0.0	0.0	0.0
3.3919897246460194e-23	0.0	0.0	0.0	0.0	0.0	0.0	0.0	0.0	0.0	0.0	0.0	0.0	0.0	0.0	0.0	0.0	0.0
3.491461564078454e-23	0.0	0.0	0.0	0.0	0.0	0.0	0.0	0.0	0.0	0.0	0.0	0.0	0.0	0.0	0.0	0.0	0.0
3.5909334035108887e-23	0.0	0.0	0.0	0.0	0.0	0.0	0.0	0.0	0.0	0.0	0.0	0.0	0.0	0.0	0.0	0.0	0.0
3.6904052429433233e-23	0.0	0.0	0.0	0.0	0.0	0.0	0.0	0.0	0.0	0.0	0.0	0.0	0.0	0.0	0.0	0.0	0.0
3.7898770823757574e-23	0.0	0.0	0.0	0.0	0.0	0.0	0.0	0.0	0.0	0.0	0.0	0.0	0.0	0.0	0.0	0.0	0.0
3.889348921808192e-23	0.0	0.0	0.0	0.0	0.0	0.0	0.0	0.0	0.0	0.0	0.0	0.0	0.0	0.0	0.0	0.0	0.0
3.9888207612406267e-23	0.0	0.0	0.0	0.0	0.0	0.0	0.0	0.0	0.0	0.0	0.0	0.0	0.0	0.0	0.0	0.0	0.0
4.0882926006730613e-23	0.0	0.0	0.0	0.0	0.0	0.0	0.0	0.0	0.0	0.0	0.0	0.0	0.0	0.0	0.0	0.0	0.0
4.187764440105496e-23	0.00011972757245149491	-3.846328506429946e-05	-7.403623194632758e-05	-2.976229811161877e-07	7.473789417283175e-07	1.125372500455531e-06	-1.7515159893124901e-06	1.935129569749176e-06	5.543348553802972e-05	4.956333935534625e-05	-9.495674786853972e-05	1.1671852700786044e-05	6.442028302040195e-05	-3.372155581240743e-05	3.069872720799452e-05	0.0014040418273480568	0.0014347405545560514
4.2872362795379306e-23	0.00011434483904452528	-3.631649224456519e-05	-7.481153455368056e-05	-2.7569487758112295e-07	7.391186214714093e-07	9.62785176890422e-07	-1.5156958902393049e-06	2.239828287503898e-06	8.784088542218558e-06	5.069464335066015e-05	-9.081409245238905e-05	1.0102806603597725e-05	1.4151242106543395e-05	-3.0016642498131174e-05	-1.586540039158778e-05	0.0014300431090768751	0.0014141777086852873
4.386708118970365e-23	0.00010698372479155422	-3.4182961718840793e-05	-7.564308228927562e-05	-2.490306434346478e-07	7.301644110026228e-07	8.210203423999714e-07	-1.2847894088588186e-06	2.6411418951362817e-06	4.110406081579431e-06	5.196262256600166e-05	-8.507511997000016e-05	8.405838428625686e-06	3.9265934612626595e-06	-2.4706658975372818e-05	-2.078006551411016e-05	0.0014602236641050096	0.0014394435985908994
4.4861799584028e-23	9.982167922709299e-05	-3.211455770165937e-05	-7.6221700726239e-05	-2.2237485357611862e-07	7.148180780110532e-07	6.987363440374211e-07	-1.0859410838968394e-06	3.0151028782295965e-06	2.4422566857795996e-06	5.3009908533792585e-05	-7.94705711788478e-05	6.6135054135398365e-06	-2.951981152220665e-06	-1.9847157231515383e-05	-2.2799138383736046e-05	0.0014845127111059529	0.0014617135727222168
4.5856517978352345e-23	9.30108387842095e-05	-3.007789439991152e-05	-7.640200931758509e-05	-1.9624405211998518e-07	6.910762544654004e-07	5.927604361405897e-07	-9.16506066390277e-07	3.012038118432363e-06	1.376784324278367e-06	5.371535927069663e-05	-7.412502667276895e-05	5.037681207409166e-06	-8.90915591848067e-06	-1.5371986194663153e-05	-2.4281142113143824e-05	0.0014995685047183168	0.001475287362605173
4.685123637267669e-23	8.659015502950766e-05	-2.8078544793080414e-05	-7.616351901875003e-05	-1.7128941267136465e-07	6.596388963621625e-07	5.011691843639739e-07	-7.727664964457641e-07	2.643969019708835e-06	8.61171180547119e-07	5.406096321761575e-05	-6.907283028469963e-05	3.8035972061522437e-06	-1.393001641045783e-05	-1.1208269860931639e-05	-2.513828627138947e-05	0.0015049480515942938	0.0014798097653229043
4.784595476700104e-23	8.053600132271017e-05	-2.6133169266153687e-05	-7.55313480595859e-05	-1.4803610505268987e-07	6.221795818393191e-07	4.2241699883228505e-07	-6.508926573393607e-07	2.023697014532758e-06	4.894884623255471e-07	5.406621280996352e-05	-6.42980478366821e-05	2.8654106268195517e-06	-1.8369662707891557e-05	-7.366424399899032e-06	-2.573608710779059e-05	0.0015012406819833917	0.0014755045948756011
4.884067316132538e-23	7.480877322028875e-05	-2.4256306945313936e-05	-7.454201019574122e-05	-1.2686355778588532e-07	5.805675081874935e-07	3.5504114314780333e-07	-5.474904407644635e-07	1.369860476842911e-06	2.9623109110009863e-07	5.3761132740462965e-05	-5.9771534298995944e-05	2.1776855630918723e-06	-2.206219770003842e-05	-3.832715995441112e-06	-2.5894913695479533e-05	0.00148931004900752	0.0014634151353120405
4.9835391555649725e-23	6.940292213798606e-05	-2.2458023553374523e-05	-7.323861800382301e-05	-1.0806172447885743e-07	5.36663016657071e-07	2.976450458280252e-07	-4.5991215325036385e-07	9.255744173066572e-07	1.827423963818475e-07	5.3178315714378846e-05	-5.549095479825008e-05	1.6364919800536337e-06	-2.49190684207671e-05	-6.761471038175945e-07	-2.5595215524584692e-05	0.0014700743438594277	0.001444479128334843
5.083010994997407e-23	6.427493433271989e-05	-2.073985007218512e-05	-7.16589576207047e-05	-9.167894011568187e-08	4.920409670867786e-07	2.4887269350206576e-07	-3.8564107205156517e-07	8.596721912881336e-07	1.0276006431831338e-07	5.2349594392645675e-05	-5.14233115903241e-05	1.1790052722817766e-06	-2.6897847456141893e-05	2.1052880746033574e-06	-2.4792559381538535e-05	0.0014444172374786807	0.0014196246780971422
5.182482834429842e-23	5.938130860290616e-05	-1.9097836444956362e-05	-6.983809013594644e-05	-7.761984475887343e-08	4.479885820006748e-07	2.0747911836307205e-07	-3.225596153702066e-07	1.1479567505100757e-06	4.718575399353786e-08	5.1304894067604364e-05	-4.753529576434434e-05	7.411295025809036e-07	-2.8104187233258364e-05	4.510727805840923e-06	-2.359345942741744e-05	0.0014131594201513688	0.0013895659607239513
5.2819546738622764e-23	5.467993969388506e-05	-1.752463520869883e-05	-6.780513111994913e-05	-6.56770390810274e-08	4.054469540698775e-07	1.7235913967353354e-07	-2.6889539356461405e-07	1.6974056037059318e-06	4.283849201900626e-09	5.0070078623046706e-05	-4.37944441425339e-05	2.9690387942003004e-07	-2.8704903520757277e-05	6.572538359932835e-06	-2.213236516082444e-05	0.0013770021620059469	0.0013548697968451223
5.38142651329471e-23	5.012753904127994e-05	-1.6012394691808437e-05	-6.558851868517792e-05	-5.556652125882158e-08	3.6508239954626473e-07	1.4256583285677577e-07	-2.231544528482234e-07	2.285934104102054e-06	-2.5156609082545024e-08	4.867053938774217e-05	-4.016711701511546e-05	-1.868610747159622e-07	-2.8983669582390927e-05	8.316561297910748e-06	-2.066710828448018e-05	0.001336628531702829	0.0013159614234183488
5.480898352727145e-23	4.570541564326843e-05	-1.4555414050804009e-05	-6.321047967991959e-05	-4.7001766246894286e-08	3.272573856057827e-07	1.1731088407942238e-07	-1.8418379228563104e-07	2.7061763397372323e-06	-4.6839042465474125e-08	4.7126021462510204e-05	-3.6639198369244695e-05	-6.840290370393527e-07	-2.918775807903074e-05	9.802794056226171e-06	-1.9384964022804566e-05	0.0012925629468062243	0.0012731779827834197
5.58037019215958e-23	4.1410209094223325e-05	-1.3151843863075967e-05	-6.069467538499526e-05	-3.971030025480091e-08	2.921552161012402e-07	9.594835155972e-08	-1.5105263344438714e-07	2.8189238811642866e-06	-6.203483160775904e-08	4.545623850432661e-05	-3.3208732642887524e-05	-1.177453173884553e-06	-2.9482080470329585e-05	1.107005268755455e-05	-1.8412027782775035e-05	0.0012453269815985437	0.0012269149538157687
5.679842031592014e-23	3.724857575209159e-05	-1.1803878837936973e-05	-5.806331735285829e-05	-3.3452750455320134e-08	2.5979782350900097e-07	7.79465592726454e-08	-1.2298492544462075e-07	2.5896010044216047e-06	-7.11671144589407e-08	4.367939290425308e-05	-2.988170204457157e-05	-1.629428485980831e-06	-2.9918879841859292e-05	1.2168262373700682e-05	-1.7750617468158612e-05	0.0011953995769757358	0.0011776489595075772
5.779313871024449e-23	3.324895818556747e-05	-1.0517852802916305e-05	-5.5340546637049125e-05	-2.804932557052957e-08	2.3012517850747953e-07	6.286462426027257e-08	-9.936359172100519e-08	2.083167439202903e-06	-7.599720663857351e-08	4.181360728250242e-05	-2.668149614579816e-05	-2.010463508925861e-06	-3.0436694136357424e-05	1.3121647627778401e-05	-1.7315046508579024e-05	0.0011432569335512188	0.0011259418870426397
5.878785710456884e-23	2.9446508386636156e-05	-9.302589318505315e-06	-5.255116646402474e-05	-2.3366548119719135e-08	2.0302353231268433e-07	5.03242328124347e-08	-7.964841254544855e-08	1.4395637210221827e-06	-7.712285972753529e-08	3.9877042476013854e-05	-2.363684294824968e-05	-2.2934750087521285e-06	-3.089447373013931e-05	1.3946724519012041e-05	-1.694774921112727e-05	0.0010893761448642389	0.0010724283956531117
5.978257549889318e-23	2.587394837435532e-05	-8.16760126644501e-06	-4.972135843905038e-05	-1.93065434291986e-08	1.7836273128920682e-07	3.998988874732203e-08	-6.33415052467895e-08	8.146147399677764e-07	-7.358506678605775e-08	3.788893219380205e-05	-2.0774480536985727e-05	-2.4647589399836144e-06	-3.1138277086597826e-05	1.464969271683271e-05	-1.6488584369765118e-05	0.0010342637436349784	0.0010177751592652133
6.077729389321753e-23	2.2567172692940683e-05	-7.121759376576897e-06	-4.687792163512306e-05	-1.5804766077394727e-08	1.560113576464314e-07	3.155838015771362e-08	-5.000052495952973e-08	3.3364458918631494e-07	-6.823060700769575e-08	3.586860609649876e-05	-1.8123655802589722e-05	-2.522833622417008e-06	-3.1045329889813436e-05	1.522211667149202e-05	-1.5823213218321418e-05	0.0009784291834982685	0.000962605970279947
6.177201228754188e-23	1.9551903028019013e-05	-6.1716270709012e-06	-4.404755177351415e-05	-1.2810013961552076e-08	1.3584383592108022e-07	2.4750798418798632e-08	-3.920564261182203e-08	5.175031765870482e-08	-6.065125290129654e-08	3.383583995710564e-05	-1.5705409567196076e-05	-2.478184663994852e-06	-3.0567597773872435e-05	1.5652245725914705e-05	-1.491535204795773e-05	0.0009223945673809798	0.000907479215333022
6.276673068186622e-23	1.6844604499409147e-05	-5.320747849218179e-06	-4.125590875917377e-05	-1.0278337913661339e-08	1.1774021673822366e-07	1.9311483974905582e-08	-3.05684763751547e-08	-4.185895630352618e-08	-5.264835061759544e-08	3.181009478754666e-05	-1.3533306902859389e-05	-2.350038998873597e-06	-2.973035452947962e-05	1.5926748885813672e-05	-1.3803605643665949e-05	0.0008666740213592884	0.0008528704157156224
6.376144907619057e-23	1.4447669005147767e-05	-4.569316666978166e-06	-3.852583622788124e-05	-8.164384343051567e-09	1.0157843055417529e-07	1.5008586257661774e-08	-2.372773680285431e-08	-4.160105681707916e-09	-4.420674489999452e-08	2.9809587668473426e-05	-1.1609563799311247e-05	-2.156152929903092e-06	-2.8611155844627413e-05	1.6043870939259082e-05	-1.256728490536833e-05	0.0008117485164108894	0.0007991812315055211
6.475616747051492e-23	1.235684082033165e-05	-3.914543025596276e-06	-3.5878202666187154e-05	-6.424268183402121e-09	8.723923160109079e-08	1.1636115714990595e-08	-1.8365570223256966e-08	8.496652384965989e-08	-3.623453428465551e-08	2.785130755243094e-05	-9.931010736761888e-06	-1.92109253795835e-06	-2.7313087372977357e-05	1.59992042777107e-05	-1.1313883095266657e-05	0.0007580664393029491	0.0007467525562076825
6.575088586483926e-23	1.0555045022218919e-05	-3.3509772923567105e-06	-3.333027201793096e-05	-5.010165136109654e-09	7.459767519330939e-08	9.014267193731099e-09	-1.4196753330612312e-08	1.6843046596611074e-07	-2.9035966738567985e-08	2.5950318997672052e-05	-8.484133996377559e-06	-1.6648976626394344e-06	-2.5922404764920894e-05	1.580128733865506e-05	-1.0121117426265834e-05	0.0007060247383656508	0.000695903620939385
6.674560425916361e-23	9.020554186296842e-06	-2.8714541785782135e-06	-3.089556601380461e-05	-3.875495008299825e-09	6.352319653174689e-08	6.990157731289694e-09	-1.0979645271073405e-08	2.0869085252552253e-07	-2.265125430570895e-08	2.41190797262318e-05	-7.251640067908507e-06	-1.4028639401623171e-06	-2.450476819388251e-05	1.5464575718160973e-05	-9.040192475721537e-06	0.0006559504493739785	0.000646910256898257
6.774032265348795e-23	7.729887237284313e-06	-2.46781910235734e-06	-2.858421727890067e-05	-2.9766712140683167e-09	5.3882150746539404e-08	5.436498416893914e-09	-8.514303112436892e-09	1.9767087672715068e-07	-1.722197675811575e-08	2.2367479478324836e-05	-6.214790398119075e-06	-1.1476758246092378e-06	-2.3093872569167746e-05	1.5005013255596522e-05	-8.088859313571224e-06	0.0006081018290081904	0.0006000129696946192
6.87350410478123e-23	6.654240529451502e-06	-2.1313503034407844e-06	-2.640285665286872e-05	-2.271793767948765e-09	4.553917400356965e-08	4.248903388112495e-09	-6.632702537273802e-09	1.5326444885307745e-07	-1.2767136408202842e-08	2.070303947493121e-05	-5.3505367044674e-06	-9.066958065943468e-07	-2.1698585533326674e-05	1.4445806963869466e-05	-7.252778569457207e-06	0.0005626738108861943	0.0005554210323167371
6.972975944213665e-23	5.7665484006135475e-06	-1.8534549478673542e-06	-2.4355286424352047e-05	-1.724483200212765e-09	3.836078737257132e-08	3.343611449147284e-09	-5.201393558699356e-09	9.847188879992583e-08	-9.180078097945902e-09	1.9130893324815872e-05	-4.6372017470124615e-06	-6.856580214275024e-07	-2.0318122638841066e-05	1.3808033556375906e-05	-6.51008908246516e-06	0.0005197974839334938	0.0005132873948510286
7.072447783646099e-23	5.041486521484931e-06	-1.6260532053044892e-06	-2.244241453494859e-05	-1.30340596153741e-09	3.221659750895137e-08	2.6544610247013174e-09	-4.115003566360185e-09	5.2288087482529785e-08	-6.338575840269574e-09	1.7653773849195724e-05	-4.054487253525783e-06	-4.860783597095578e-07	-1.8951579058120127e-05	1.3113208235960379e-05	-5.838370822159748e-06	0.00047953971225647533	0.0004737013414343156
7.171919623078534e-23	4.454836961868107e-06	-1.441659010583724e-06	-2.0663135517768125e-05	-9.81984952578563e-10	2.698331373360311e-08	2.1296510000454944e-09	-3.2903924996246803e-09	2.549868900577849e-08	-4.138122763407063e-09	1.6272703582239114e-05	-3.582967577392156e-06	-3.088675404903096e-07	-1.7603756412959928e-05	1.2380868464356646e-05	-5.222887948603282e-06	0.00044192185098647775	0.00043669896303787445
7.271391462510969e-23	3.984438625306123e-06	-1.2935578373891162e-06	-1.901439461414981e-05	-7.382220944576988e-10	2.2545489425772438e-08	1.7291505935712945e-09	-2.663079382636055e-09	1.894521428908781e-08	-2.475990296846623e-09	1.498700813923687e-05	-3.2048575611151555e-06	-1.5258945430192206e-07	-1.628617126369831e-05	1.1629561123819789e-05	-4.656610139878522e-06	0.0004069200433160412	0.00040226343317616267
7.370863301943403e-23	3.611453067621212e-06	-1.1758597335604914e-06	-1.7491941902493378e-05	-5.546461752714574e-10	1.8797484302669656e-08	1.4223309502601827e-09	-2.1842237330195455e-09	2.6380972655746763e-08	-1.2513164158784632e-09	1.3794781659692609e-05	-2.9050337998772513e-06	-1.6603214828664613e-08	-1.5013737966848156e-05	1.087314464498669e-05	-4.140593321861466e-06	0.0003744777887295732	0.00037033719540771176
7.470335141375837e-23	3.3191932046748327e-06	-1.0834448315897121e-06	-1.6090318734112193e-05	-4.172104808497732e-10	1.5643400938538676e-08	1.1858984253363251e-09	-1.816532729698561e-09	3.9315226491713694e-08	-3.71834984822245e-10	1.2692998377683797e-05	-2.670095184304165e-06	1.0129684382907481e-07	-1.3801031413366853e-05	1.0124200037208706e-05	-3.6768313761581465e-06	0.00034450889457977526	0.0003408320632036171
7.569806980808271e-23	3.093091250195478e-06	-1.0118655419051655e-06	-1.480346550747121e-05	-3.1491006149012535e-10	1.2997850009874748e-08	1.0022052366628222e-09	-1.5317807159364634e-09	5.07962897334344e-08	2.402511973141388e-10	1.167796457916398e-05	-2.4883390907210767e-06	2.0242335545563697e-07	-1.2659049893781034e-05	9.392048843898541e-06	-3.2670010498824924e-06	0.000316909667439672	0.0003136426663897895
7.669278820240706e-23	2.920587482175188e-06	-9.572892138500518e-07	-1.3624765684187392e-05	-2.3916511010005095e-10	1.0785300802429114e-08	8.57961986010849e-10	-1.308775342013802e-09	5.7123477188506684e-08	6.478418250880552e-10	1.0745385528000379e-05	-2.3496734882947485e-06	2.885201113326338e-07	-1.1593600774512335e-05	8.684232151038265e-06	-2.9093686234740698e-06	0.00029156065296334123	0.00028865128433986715
7.768750659673141e-23	2.791107708865514e-06	-9.164252212935598e-07	-1.2547411847396632e-05	-1.8342510392498335e-10	8.939758252750292e-09	7.43209043756389e-10	-1.131776190314243e-09	5.772864635842218e-08	9.008717578693558e-10	9.89064354207646e-06	-2.245600074649522e-06	3.605414621005164e-07	-1.0605732075706124e-05	8.005584929527454e-06	-2.60014714617867e-06	0.0002683341113678419	0.0002657339642216632
7.868222499105575e-23	2.695447443412545e-06	-8.864089984808292e-07	-1.156440870296425e-05	-1.4263096280363507e-10	7.403923156971757e-09	6.504822038736769e-10	-9.890133089925874e-10	5.395005678263685e-08	1.0386593603123236e-09	9.10886419106943e-06	-2.168719801815211e-06	4.197915898042226e-07	-9.693458780800535e-06	7.3599359790584425e-06	-2.333522801742093e-06	0.0002470957480876788	0.0002447622252859367
7.96769433853801e-23	2.6258959988199844e-06	-8.647690265127896e-07	-1.066887728262105e-05	-1.1297918466948407e-10	6.128512812735129e-09	5.74231623316627e-10	-8.71835412597733e-10	4.756617647856008e-08	1.0920766446091157e-09	8.395134284258723e-06	-2.1128334435674407e-06	4.666893030843116e-07	-8.853374127351898e-06	6.748990143775594e-06	-2.104383983576304e-06	0.00022771056892763696	0.00022560618494406066
8.067166177970445e-23	2.5753829334236653e-06	-8.492886071565263e-07	-9.853973129246027e-06	-9.153583994873198e-11	5.071347731797021e-09	5.103011553456644e-10	-7.737186601287991e-10	3.9795170712691465e-08	1.0851754859732214e-09	7.744516678246593e-06	-2.0722553829783914e-06	5.01936979022038e-07	-8.082282062393156e-06	6.17419827429024e-06	-1.9080837881029167e-06	0.000210043228993361	0.0002081351452052581
8.166638017402879e-23	2.537825219825759e-06	-8.380260489592064e-07	-9.113101096959841e-06	-7.61118006461816e-11	4.196548381901574e-09	4.556294003096406e-10	-6.898996662669249e-10	3.106785656276207e-08	1.0365083369474492e-09	7.152185897750464e-06	-2.042093337659398e-06	5.256214849353082e-07	-7.377311394878278e-06	5.635714045026375e-06	-1.7415973498519034e-06	0.00019396166529965866	0.00019222006794980675
8.266109856835314e-23	2.5081487138251665e-06	-8.29267632368769e-07	-8.439830836183057e-06	-6.505009128021559e-11	3.4736786838098097e-09	4.07972343429695e-10	-6.169632507701655e-10	2.144296110744269e-08	9.60143106903328e-10	6.61337791421087e-06	-2.0182659715192034e-06	5.3835901827108e-07	-6.7353470128271205e-06	5.133470960962747e-06	-1.6018760518643737e-06	0.00017933569470910012	0.00017773381865723574
8.365581696267749e-23	2.4818484827636074e-06	-8.215091843814321e-07	-7.828081180500366e-06	-5.7113412258418586e-11	2.8770924703923604e-09	3.6570352782870755e-10	-5.524105895215179e-10	1.1249502694054993e-08	8.664940741233866e-10	6.12355353193303e-06	-1.997149358761284e-06	5.402021085999125e-07	-6.152992613353574e-06	4.666606281771659e-06	-1.4863863315819154e-06	0.00016604141050449318	0.00016455502417291127
8.465053535700183e-23	2.454769784470156e-06	-8.133859662981008e-07	-7.271955615057051e-06	-5.135118535584478e-11	2.385213388422003e-09	3.276371598793254e-10	-4.943986211133034e-10	1.4931447384403279e-09	7.631344721001356e-10	5.678302269088372e-06	-1.9754009076302325e-06	5.319096417318035e-07	-5.626148416932623e-06	4.234811003189942e-06	-1.3913374137426808e-06	0.00015395854621995774	0.00015256720880621507
8.564525375132618e-23	2.4237362949864494e-06	-8.037937170868188e-07	-6.7659931378665936e-06	-4.7076279979507995e-11	1.9799650909717213e-09	2.929678475621813e-10	-4.4170338129417096e-10	-6.251578183368007e-09	6.556086641006459e-10	5.273482387748694e-06	-1.9504650388107226e-06	5.137754907410586e-07	-5.149862376208973e-06	3.83679283967903e-06	-1.3130695365299426e-06	0.00014297424754107792	0.00014166117800454796
8.663997214565052e-23	2.385902745702832e-06	-7.917703383314754e-07	-6.30493365581293e-06	-4.376120429530007e-11	1.6462272309779728e-09	2.6112753238134123e-10	-3.934378861679567e-10	-1.0431692068045784e-08	5.483172150744201e-10	4.905099890265387e-06	-1.92005236209106e-06	4.87003291910403e-07	-4.719214467621651e-06	3.47205082008473e-06	-1.2471636475369207e-06	0.00013297977005363447	0.00013173260640609756
8.763469053997487e-23	2.3392453536978256e-06	-7.766099676403329e-07	-5.883942970118213e-06	-4.103152932234578e-11	1.3714027075932745e-09	2.3175748220729295e-10	-3.490411120303787e-10	-1.0259379135784407e-08	4.4519620858584494e-10	4.569438261066383e-06	-1.8825344235511006e-06	4.52594418027153e-07	-4.329908679439471e-06	3.139498255542435e-06	-1.1904104238970357e-06	0.00012387397894724278	0.00012268356852334576
8.862940893429922e-23	2.2823079723629048e-06	-7.578145009671643e-07	-5.498498926088473e-06	-3.8616849323661506e-11	1.1450135975300119e-09	2.046305321416752e-10	-3.0814262217189026e-10	-6.187185846414804e-09	3.49975305587995e-10	4.262995538464344e-06	-1.8367394958501798e-06	4.120053857930488e-07	-3.978839780575385e-06	2.838261428407213e-06	-1.140578352168172e-06	0.00011556162765418613	0.00011442104930201795
8.962412732862356e-23	2.2141555393435096e-06	-7.351187669346838e-07	-5.1444708161016444e-06	-3.633253446558334e-11	9.583749143656382e-10	1.7961440505562998e-10	-2.70496583537193e-10	1.3622009218282739e-10	2.6574928188307903e-10	3.982544537771428e-06	-1.7819151624438112e-06	3.666638364384842e-07	-3.664200914117334e-06	2.5672932117661007e-06	-1.0969077023512335e-06	0.0001079549776981326	0.00010685806999578136
9.061884572294791e-23	2.1348279338544677e-06	-7.084963523868782e-07	-4.818060758168954e-06	-3.4065521128558095e-11	8.042975149714129e-10	1.5663790775984496e-10	-2.35989204361943e-10	6.3902240978669534e-09	1.9415143029499172e-10	3.7250622400721854e-06	-1.7180936129640008e-06	3.1850324334867737e-07	-3.384453920475962e-06	2.3254718704568623e-06	-1.0589820500190996e-06	0.00010097187384724044	9.991289179722134e-05
9.161356411727226e-23	2.04448186867792e-06	-6.781119740998978e-07	-4.5158640528070605e-06	-3.174936118038871e-11	6.768592572296487e-10	1.3565499462198266e-10	-2.0449733045075723e-10	1.0375923435013958e-08	1.3481600911006987e-10	3.4878275625802295e-06	-1.6454010817578727e-06	2.691852650528619e-07	-3.1384071512246934e-06	2.1116117458752175e-06	-1.0267954053494759e-06	9.453838546724772e-05	9.351159006189823e-05
9.26082825115966e-23	1.9443274758720158e-06	-6.443603033142717e-07	-4.234885746513e-06	-2.936703113083353e-11	5.711951605170179e-10	1.1663740218601067e-10	-1.7597398894542705e-10	1.0825491771749169e-08	8.58966251747861e-11	3.26837250550558e-06	-1.564811619565627e-06	2.2035117043093851e-07	-2.923524694015704e-06	1.923912056370891e-06	-9.996126376448129e-07	8.858747470878974e-05	8.758786207114494e-05
9.360300090592095e-23	1.835809282362261e-06	-6.077698729773437e-07	-3.972479100236019e-06	-2.6926466349977416e-11	4.833207268673024e-10	9.954570384951775e-11	-1.5034220621284545e-10	7.898875632870103e-09	4.5463972007283774e-11	3.064489663291015e-06	-1.4774879613720915e-06	1.7353514941120732e-07	-2.7360897534880696e-06	1.7605368513301305e-06	-9.75552902157939e-07	8.305919390683275e-05	8.208364100467482e-05
9.45977193002453e-23	1.720483693451351e-06	-5.689693107459246e-07	-3.7263654513593264e-06	-2.4451921114589548e-11	4.0998627738608535e-10	8.432301598679588e-11	-1.2749050893247939e-10	3.051074629756186e-09	1.2688798073364701e-11	2.874253645853131e-06	-1.3846829187687499e-06	1.299398557446069e-07	-2.5714449383627434e-06	1.6195105828289881e-06	-9.519343555337552e-07	7.790126101141749e-05	7.694932665588374e-05
9.559243769456964e-23	1.6005357726969287e-06	-5.286772876201198e-07	-3.494619026547524e-06	-2.1984625654368836e-11	3.485502811753693e-10	7.089597135160486e-11	-1.0731644894292774e-10	-1.6795211862622673e-09	-1.222029954620123e-11	2.6959747917840986e-06	-1.2881552914958731e-06	9.05901867173469e-08	-2.4241621377785937e-06	1.4984096870055724e-06	-9.257524507730213e-07	7.306780077424572e-05	7.214204832347271e-05
9.658715608889398e-23	1.4779297693152463e-06	-4.876214146533668e-07	-3.2756841963741197e-06	-1.9565645353281702e-11	2.968777622677206e-10	5.916801464951043e-11	-8.966604789491711e-11	-4.5084292670967646e-09	-2.924206508402402e-11	2.5282660877350403e-06	-1.1894861913862845e-06	5.586371694691328e-08	-2.2896666989607518e-06	1.394643613295669e-06	-8.950230856650828e-07	6.852115495842522e-05	6.762613187276014e-05
9.758187448321832e-23	1.354731794165505e-06	-4.4650129311034903e-07	-3.068233352820385e-06	-1.7235098375286546e-11	2.5323667342982846e-10	4.90230138186363e-11	-7.437048502512182e-11	-4.51358738381598e-09	-3.95754056741067e-11	2.3699179627167107e-06	-1.0903387287733843e-06	2.6242769051290096e-08	-2.1643453604508722e-06	1.3058220029946162e-06	-8.58523357456256e-07	6.422848606869989e-05	6.336996271124363e-05
9.857659287754267e-23	1.2329062489748505e-06	-4.059713273255797e-07	-2.8712578817321265e-06	-1.502877507785068e-11	2.162347915849758e-10	4.033160158498136e-11	-6.124211277784295e-11	-1.9244895361759215e-09	-4.523102551301099e-11	2.2199756901779485e-06	-9.922941653429155e-07	1.656950344273119e-09	-2.04611238513923e-06	1.2293384751793069e-06	-8.16773909959923e-07	6.0163872847241445e-05	5.9347098937281524e-05
9.957131127186702e-23	1.1140623691250045e-06	-3.66592371067661e-07	-2.6839449280218206e-06	-1.2972642761109178e-11	1.8474641936132003e-10	3.295384801486821e-11	-5.007283960152768e-11	2.0407278832878116e-09	-4.7774331828745987e-11	2.077666002047822e-06	-8.96647912406998e-07	-1.8037761690015765e-08	-1.934327321628003e-06	1.1629803279508083e-06	-7.713469936771948e-07	5.6306319496040795e-05	5.55349725023636e-05
1.0056602966619136e-22	9.997527868975426e-07	-3.2884580650016217e-07	-2.5057174006525487e-06	-1.1087239354589243e-11	1.5786661504362283e-10	2.6747760687316757e-11	-4.06590988266111e-11	5.793857162837364e-09	-4.7806983527881293e-11	1.9424038747639052e-06	-8.046498188463682e-07	-3.3330336474249706e-08	-1.8289315020383087e-06	1.1044237194432872e-06	-7.245077825950214e-07	5.2639938101624046e-05	5.191543031902903e-05
1.0156074806051571e-22	8.911936835798711e-07	-2.931034186020974e-07	-2.3360963182321585e-06	-9.38364918023356e-12	1.3485793026488714e-10	2.157189200066533e-11	-3.279513760970258e-11	8.032296445227692e-09	-4.559609561240728e-11	1.813710147796197e-06	-7.172789321131567e-07	-4.4535316879824216e-08	-1.7299051018692937e-06	1.051895898803216e-06	-6.780092030660778e-07	4.9151714857013886e-05	4.8473705653947806e-05
1.0255546645484006e-22	7.892342972880523e-07	-2.596368964445288e-07	-2.174760320923281e-06	-7.86509113405054e-12	1.1512365874774857e-10	1.7290431645954416e-11	-2.6279396065761863e-11	8.119238603032297e-09	-4.181066852819448e-11	1.6912548908387234e-06	-6.352189505064684e-07	-5.221554586145355e-08	-1.636987222542059e-06	1.0038203944708016e-06	-6.331668280712574e-07	4.58326844068084e-05	4.519951757873714e-05
1.035501848491644e-22	6.94612156646235e-07	-2.2863318364534427e-07	-2.021462039432092e-06	-6.530185985158608e-12	9.817440700864331e-11	1.3776871824734864e-11	-2.092780780427344e-11	6.236078243900386e-09	-3.733326789963775e-11	1.5747772620431219e-06	-5.590636453393617e-07	-5.685957979051373e-08	-1.5491998281701561e-06	9.588540369132465e-07	-5.903457912569096e-07	4.267575723487388e-05	4.208541144361697e-05
1.0454490324348875e-22	6.076295726084866e-07	-2.001872634200703e-07	-1.8760261681168638e-06	-5.3708557384539694e-12	8.36075156717264e-11	1.0914895795337861e-11	-1.6565023553147738e-11	3.2356248893383578e-09	-3.268878838506145e-11	1.4641049203498654e-06	-4.890564822480108e-07	-5.9010058151088154e-08	-1.4653083362953186e-06	9.160383799507665e-07	-5.492699563445521e-07	3.967624515163813e-05	3.9126975195293575e-05
1.055396216378131e-22	5.285391056309543e-07	-1.7433285895873586e-07	-1.738296601364612e-06	-4.376936149075075e-12	7.108680506298406e-11	8.600705597116167e-12	-1.3037729293394147e-11	1.8426013953160373e-10	-2.8034907729139145e-11	1.3590870273584452e-06	-4.25400865876343e-07	-5.9084718174539e-08	-1.383871856615373e-06	8.746014433075631e-07	-5.092704133078099e-07	3.683004519965924e-05	3.632077478635143e-05
1.0653434003213744e-22	4.572987756107488e-07	-1.5103999033448648e-07	-1.6081512601412727e-06	-3.5348493731046126e-12	6.033110875149523e-11	6.74245955558242e-12	-1.0206960727899456e-11	-2.0531235011985027e-09	-2.3533147549531662e-11	1.2596207567993652e-06	-3.680631190650512e-07	-5.75475527390318e-08	-1.3039157997555525e-06	8.340100849952821e-07	-4.6990571476027043e-07	3.413435767187893e-05	3.3664451957118664e-05
1.0752905842646178e-22	3.937049488117154e-07	-1.3023194666423812e-07	-1.4854628044182693e-06	-2.8295027383335694e-12	5.1101574988707945e-11	5.2603592820172345e-12	-7.951311237009004e-12	-3.025218565577589e-09	-1.9424859539057562e-11	1.1656122983174597e-06	-3.168794385006219e-07	-5.478043765343384e-08	-1.2249888645756135e-06	7.939524221634038e-07	-4.310364424122097e-07	3.158662903057582e-05	3.1155592588163614e-05
1.0852377682078613e-22	3.374266390823184e-07	-1.1179697276934553e-07	-1.3700837528810408e-06	-2.245166834276828e-12	4.319324233378292e-11	4.086008874390049e-12	-6.16621455658952e-12	-2.7793056771165544e-09	-1.5813748613357963e-11	1.0769626620573923e-06	-2.715835037091457e-07	-5.106714398277842e-08	-1.1472103381239804e-06	7.543120143654682e-07	-3.928983237585122e-07	2.9184166979249198e-05	2.8791268655490686e-05
1.0951849521511047e-22	2.8809005730850843e-07	-9.559908191273826e-08	-1.2618663927312836e-06	-1.7666095863323342e-12	3.6430251651747166e-11	3.1615080372835566e-12	-4.763639008969233e-12	-1.7429762963876321e-09	-1.2670970755915676e-11	9.935752306580189e-07	-2.3187452959472186e-07	-4.673615035418615e-08	-1.071098003091563e-06	7.149645507091109e-07	-3.561334523824522e-07	2.6924344901079886e-05	2.6568211448697433e-05
1.1051321360943483e-22	2.4520963439961046e-07	-8.148275165922338e-08	-1.1606264456121817e-06	-1.3788207039158045e-12	3.0659144407146696e-11	2.4382458320490915e-12	-3.668760301281842e-12	-4.675616892424631e-10	-9.990530505192901e-12	9.153339999710624e-07	-1.9736175079336916e-07	-4.200199664437698e-08	-9.973490652823082e-07	6.759702525333165e-07	-3.2137881274899176e-07	2.480401203160732e-05	2.448263321885833e-05
1.1150793200375916e-22	2.082319140564567e-07	-6.927913801371592e-08	-1.0661653572304447e-06	-1.0676949361325225e-12	2.57464926688492e-11	1.8757953264819275e-12	-2.819033712097837e-12	5.716472020697411e-10	-7.783654243507492e-12	8.421163355705046e-07	-1.6759975089782037e-07	-3.7084203294416766e-08	-9.266249820805306e-07	6.374323813782676e-07	-2.89192600702263e-07	2.2819838986884008e-05	2.2530646386181745e-05
1.1250265039808352e-22	1.7661410034047375e-07	-5.88160083420769e-08	-9.782557812941354e-07	-8.205806350435588e-13	2.157525434009878e-11	1.440952392098708e-12	-2.163462954539736e-12	1.108482013346217e-09	-5.990769805544491e-12	7.737766415471936e-07	-1.4215168453294483e-07	-3.214720983098633e-08	-8.593351658890553e-07	5.994777471832625e-07	-2.598574187057928e-07	2.09678750796386e-05	2.0708017660932808e-05
1.1349736879240785e-22	1.4982762583336967e-07	-4.992150522878509e-08	-8.966469883513404e-07	-6.262955888276931e-13	1.8042776729307135e-11	1.106656438548808e-12	-1.6606841684871152e-12	1.1264275871263769e-09	-4.533397951072714e-12	7.101500607497055e-07	-1.20592150843708e-07	-2.7320867252941684e-08	-7.956021111041701e-07	5.622370426530558e-07	-2.3336506845111427e-07	1.9243648474653555e-05	1.901028340620244e-05
1.1449208718673221e-22	1.272936155012905e-07	-4.2423364541686284e-08	-8.210704706973801e-07	-4.748217434563568e-13	1.5059176601851538e-11	8.509445520765355e-13	-1.2766527336429259e-12	7.829870005732031e-10	-3.3755489238447836e-12	6.510615098482522e-07	-1.024552514137794e-07	-2.2702563123712558e-08	-7.354064496394496e-07	5.259036953107602e-07	-2.0950275432868944e-07	1.7642410918195925e-05	1.7432908163867237e-05
1.1548680558105655e-22	1.0852491996445441e-07	-3.615917554855938e-08	-7.512427131114839e-07	-3.5787981830790254e-13	1.2545769651377605e-11	6.562746655835646e-13	-9.848420833255556e-13	3.0672924317005845e-10	-2.4819034789878064e-12	5.963174141426175e-07	-8.734891005972961e-08	-1.837739054040683e-08	-6.785608620334824e-07	4.905911135424809e-07	-1.879697484910015e-07	1.615891367607481e-05	1.597094392758381e-05
1.164815239753809e-22	9.300231699734606e-08	-3.097174882460339e-08	-6.868674076456551e-07	-2.6826938523260204e-13	1.0433852793255075e-11	5.086321114798221e-13	-7.636631230409966e-13	-1.0022110338197341e-10	-1.7915914964402045e-12	5.457167717025136e-07	-7.48552317831645e-08	-1.4390279943117448e-08	-6.249289416153944e-07	4.5647125997623175e-07	-1.6845768163916266e-07	1.4787707268981265e-05	1.4619249587342103e-05
1.1747624236970524e-22	8.02899736280486e-08	-2.671659746971633e-08	-6.276423332645292e-07	-2.001967797633421e-13	8.66365185202676e-12	3.969996142484206e-13	-5.965409441543231e-13	-3.259399922124023e-10	-1.2579944327006174e-12	4.990478492035403e-07	-6.462343601920773e-08	-1.0781140839544814e-08	-5.743878911790998e-07	4.236432723447877e-07	-1.507446188343121e-07	1.352305186523306e-05	1.3372307246398748e-05
1.184709607640296e-22	6.997094927716629e-08	-2.325993452355497e-08	-5.732588336676266e-07	-1.488660490138586e-13	7.183280307857568e-12	3.1274349438814363e-13	-4.704002747822872e-13	-3.5346658236977375e-10	-8.569535607413872e-13	4.560928685494886e-07	-5.631794552383416e-08	-7.554899812732249e-09	-5.268952656924673e-07	3.922200232129223e-07	-1.34675242479545e-07	1.2359044215776598e-05	1.2224368973297054e-05
1.1946567915835393e-22	6.16695939296808e-08	-2.0479571523166096e-08	-5.234126535135786e-07	-1.1042934090997493e-13	5.948029245674153e-12	2.4915608156932896e-13	-3.751385706021717e-13	-2.373581706190815e-10	-5.623758837797396e-13	4.166344423569664e-07	-4.963641467261954e-08	-4.722224546529096e-09	-4.824548400361511e-07	3.6227580313781767e-07	-1.201790368983334e-07	1.1289791985799384e-05	1.1169612948901051e-05
1.204603975526783e-22	5.505320046647377e-08	-1.8266313977422562e-08	-4.777986357192389e-07	-8.183170642791269e-14	4.9193642745981774e-12	2.0108160720145383e-13	-3.0302189169268886e-13	-6.230256794101956e-11	-3.4583386759099073e-13	3.804518249902399e-07	-4.4311059878099027e-08	-2.2621908894736745e-09	-4.4106966203971246e-07	3.338785742226672e-07	-1.0719108781704525e-07	1.0309312118338686e-05	1.020212103052164e-05
1.2145511594700263e-22	4.983528754452461e-08	-1.6523216194468122e-08	-4.3612121723753163e-07	-6.069427235161167e-14	4.064348297301149e-12	1.6458368959524842e-13	-2.481985165474019e-13	9.547648694936097e-11	-1.872397632658246e-13	3.4732846579928434e-07	-4.0111302310859634e-08	-1.6164982111620647e-10	-4.02709936601091e-07	3.070555136673085e-07	-9.56544229337825e-08	9.411735467284811e-06	9.31608104435103e-06
1.2244983434132698e-22	4.575225178981625e-08	-1.5164179093658025e-08	-3.9809306686508655e-07	-4.5146153313479724e-14	3.354896163887442e-12	1.3667273057603753e-13	-2.0617948203776348e-13	1.897929333831871e-10	-7.50575441758631e-14	3.1705287962332134e-07	-3.6824976099138105e-08	1.6018574089680307e-09	-3.6731203604983026e-07	2.8182976093315127e-07	-8.548227511667899e-08	8.591330349188488e-06	8.505848074071809e-06
1.2344455273565132e-22	4.259214886111614e-08	-1.4115403630268084e-08	-3.634367871801927e-07	-3.377749505206497e-14	2.7671336927695976e-12	1.151136979834744e-13	-1.7367338153732232e-13	2.1152487048575558e-10	-1.7134983583988405e-16	2.8941789922854506e-07	-3.428149380820555e-08	3.0562321456348473e-09	-3.3474584245369457e-07	2.581926375659743e-07	-7.655320488772029e-08	7.842482254839505e-06	7.765929049951785e-06
1.2443927112997568e-22	4.016401719379095e-08	-1.3312571673974573e-08	-3.3188809231648725e-07	-2.5502269137144453e-14	2.280881313316393e-12	9.823503035817834e-14	-1.4818750069348875e-13	1.7872068004336997e-10	4.953151977297638e-14	2.6422530167767785e-07	-3.2327156009642476e-08	4.226810437732226e-09	-3.0485567115853393e-07	2.3612495610576766e-07	-6.873071505276627e-08	7.1598191852427885e-06	7.091088470190022e-06
1.254339895243e-22	3.830781674161003e-08	-1.270095721523103e-08	-3.0319506690808116e-07	-1.9504307263908313e-14	1.8791154614709534e-12	8.480307144133324e-14	-1.2788880652257062e-13	1.2266448865740262e-10	8.279405001895145e-14	2.412846124636445e-07	-3.083315090285433e-08	5.142677123619169e-09	-2.774636435735756e-07	2.1559413868440941e-07	-6.186950488916618e-08	6.538179223467717e-06	6.4763097185785515e-06
1.2642870791862437e-22	3.68871433645227e-08	-1.2234131522004648e-08	-2.771195417105774e-07	-1.517166232208635e-14	1.5475319366076905e-12	7.391268240960477e-14	-1.1142710488258596e-13	6.890215746313307e-11	1.0025472824302626e-13	2.2041466749051608e-07	-2.968969040275514e-08	5.832299767321256e-09	-2.523960326100162e-07	1.9655727685508222e-07	-5.583875575493398e-08	5.972652840614675e-06	5.9168140848597415e-06
1.274234263129487e-22	3.5786933867028685e-08	-1.1873136724050383e-08	-2.534378682003111e-07	-1.2049917159273316e-14	1.2741490378314753e-12	6.490556941676445e-14	-9.781624579520558e-14	2.8067063572761325e-11	1.0600380535873715e-13	2.0144435701469368e-07	-2.8804163063174288e-08	6.320458298816905e-09	-2.2949466880151042e-07	1.7896065225033626e-07	-5.053401655117416e-08	5.458603037885096e-06	5.408069021333922e-06
1.2841814470727304e-22	3.4913305094914486e-08	-1.158585903160172e-08	-2.319405453600094e-07	-9.804729626450814e-15	1.0489520826525458e-12	5.73080195288309e-14	-8.634717394445901e-14	9.771019646490454e-14	1.0747042264502592e-13	1.8421238057628433e-07	-2.8101004638776728e-08	6.63055493977111e-09	-2.0861188400787893e-07	1.6274193087727872e-07	-4.586995313060021e-08	4.991658691676745e-06	4.9457887385461446e-06
1.294128631015974e-22	3.41883284450978e-08	-1.1345962371874133e-08	-2.124319138890397e-07	-8.189444727284381e-15	8.635914234298381e-13	5.078075494619209e-14	-7.65077951031345e-14	-2.1099270616250156e-11	1.038928581266624e-13	1.6856738788824928e-07	-2.7517492249092192e-08	6.785125856325497e-09	-1.8960971351863555e-07	1.4783502149548256e-07	-4.1774692023152993e-08	4.567718359361664e-06	4.525943667338511e-06
1.3040758149592173e-22	3.354587006925065e-08	-1.1131926406193119e-08	-1.9472979133921264e-07	-7.022030568140761e-15	7.111214566776869e-13	4.5081544336625264e-14	-6.792623188724294e-14	-3.9200627843622654e-11	9.472829912030515e-14	1.543679812323797e-07	-2.7000396280949107e-08	6.805496006260544e-09	-1.7235427232096105e-07	1.3417308095769118e-07	-3.818119136326987e-08	4.182950334162264e-06	4.144769142798994e-06
1.314022998902461e-22	3.293814387458303e-08	-1.0927146389621838e-08	-1.7866552221257775e-07	-6.171957809572495e-15	5.857736773923339e-13	4.0041086678143973e-14	-6.03487418797635e-14	-5.552686463075696e-11	8.542816654428458e-14	1.4148228919238938e-07	-2.651125479549141e-08	6.7116149411663295e-09	-1.5670940687001644e-07	1.2168264933806429e-07	-3.5026757531952154e-08	3.833781086054237e-06	3.798754328522285e-06
1.3239701828457042e-22	3.23200875442932e-08	-1.0718122591480271e-08	-1.6408337764172737e-07	-5.5416347946909385e-15	4.827697306002497e-13	3.553762838408298e-14	-5.3581177612351403e-14	-6.648125641027541e-11	7.585651115599863e-14	1.297885512073511e-07	-2.601379812285882e-08	6.518765482234877e-09	-1.4254735890426698e-07	1.1029351856672719e-07	-3.225384033753979e-08	3.5169110945084882e-06	3.4846572541709486e-06
1.3339173667889478e-22	3.1660139902941835e-08	-1.0494844073931155e-08	-1.5083953885363627e-07	-5.0613797645004265e-15	3.9815215151826387e-13	3.1485915990751165e-14	-4.749229708498452e-14	-6.464796583427986e-11	6.390425947293951e-14	1.1917362700246083e-07	-2.548262336176623e-08	6.243529494070941e-09	-1.297384500018097e-07	9.993453313476555e-08	-2.980391686704415e-08	3.2292744522689882e-06	3.1994705354019442e-06
1.3438645507321912e-22	3.093603763556918e-08	-1.0250244245888805e-08	-1.3880258354481635e-07	-4.681558217115965e-15	3.286510277658477e-13	2.7825640489160154e-14	-4.19899780315837e-14	-4.6517424849390196e-11	5.305273831626257e-14	1.0953359513106422e-07	-2.4899811255534657e-08	5.8977276059528335e-09	-1.1816294472211504e-07	9.05315114814824e-08	-2.7631433240632637e-08	2.9680550793029115e-06	2.940423646062279e-06
1.3538117346754348e-22	3.013067664106431e-08	-9.979241998437789e-09	-1.2785166807337072e-07	-4.36595546487704e-15	2.715663284885294e-13	2.4512020888972816e-14	-3.700500375380579e-14	-1.3850106518201022e-11	4.3665944100363046e-14	1.0077267404132222e-07	-2.4251595084943082e-08	5.493949176036636e-09	-1.0771378516392813e-07	8.201502813241578e-08	-2.5698757031512355e-08	2.7306574826232783e-06	2.704958725591766e-06
1.363758918618678e-22	2.9230227211267676e-08	-9.678380862450685e-09	-1.1787634803344213e-07	-4.088517228157448e-15	2.2467186635503178e-13	2.1510716402254563e-14	-3.2482867581418626e-14	2.3043830322586276e-11	3.3658143065900536e-14	9.280317575445128e-08	-2.3526843617312592e-08	5.043173658810132e-09	-9.830121458496155e-08	7.431950579594882e-08	-2.398170878901272e-08	2.514705497729822e-06	2.4907237889408093e-06
1.3737061025619217e-22	2.8230513767393805e-08	-9.346142732762613e-09	-1.0877626411968255e-07	-3.832074784340224e-15	1.8613360427671488e-13	1.8795555817981338e-14	-2.8386480522350154e-14	5.1995781522635474e-11	2.5040883663256113e-14	8.55448237294868e-08	-2.27221960362879e-08	4.556329765307942e-09	-8.98396995520403e-08	6.737895745850685e-08	-2.246074209353345e-08	2.3180238018570037e-06	2.29556305976347e-06
1.383653286505165e-22	2.7128248707833895e-08	-8.98213568869275e-09	-1.0046084603304283e-07	-3.584870671547678e-15	1.5444354629837999e-13	1.6344550025033236e-14	-2.4682271202767034e-14	6.307714801090818e-11	1.820949788924973e-14	7.892507903329977e-08	-2.1835006239103824e-08	4.040372612944252e-09	-8.225149513543843e-08	6.11304454071402e-08	-2.1121049728298238e-08	2.1386467499487254e-06	2.1175257002204273e-06
1.3936004704484086e-22	2.5928218259238545e-08	-8.587237679034056e-09	-9.284759446771577e-08	-3.3400019973515856e-15	1.2836129694610917e-13	1.4138958840080827e-14	-2.1345514382294527e-14	5.22351619698588e-11	1.1609418232253638e-14	7.28773881663336e-08	-2.0869126591051752e-08	3.507306926494668e-09	-7.545424930138378e-08	5.55155685017765e-08	-1.9938680799607283e-08	1.9747708937607723e-06	1.954832212961165e-06
1.403547654391652e-22	2.463572676406835e-08	-8.163265773710152e-09	-8.586297130231968e-08	-3.093666263164299e-15	1.0686980843226254e-13	1.2161817123711374e-14	-1.835143017021654e-14	2.4254749728841787e-11	6.306505926827767e-15	6.734229118052569e-08	-1.982882647930875e-08	2.964747460177049e-09	-6.936615166919759e-08	5.0478212161393974e-08	-1.8887939507803618e-08	1.8247850071610458e-06	1.8058970676532422e-06
1.4134948383348955e-22	2.3260256085318734e-08	-7.712969943099266e-09	-7.944083244849026e-08	-2.8446260621382203e-15	8.913503989055742e-14	1.0397447928361876e-14	-1.5677962135963127e-14	-1.0385368428202e-11	2.4838675703894763e-15	6.226601048990514e-08	-1.872173769794544e-08	2.422866760016041e-09	-6.390384818093181e-08	4.596713955197573e-08	-1.7936708628956086e-08	1.6872318455856508e-06	1.6692951369566947e-06
1.423442022278139e-22	2.1815269973300314e-08	-7.240082655418025e-09	-7.352234185509562e-08	-2.5936553190636245e-15	7.447440091361921e-14	8.83118980656548e-15	-1.330473690597392e-14	-3.785559283430046e-11	-8.630737088618456e-16	5.760036495562183e-08	-1.755869698719997e-08	1.8922998250851977e-09	-5.898494358592287e-08	4.1933967793507065e-08	-1.7050975792415806e-08	1.5608058169284293e-06	1.5437548411360135e-06
1.4333892062213825e-22	2.031603250069215e-08	-6.749098356685548e-09	-6.805525092510959e-08	-2.342698917656076e-15	6.232995648623468e-14	7.448898028811219e-15	-1.1211279377619625e-14	-4.8714371709248634e-11	-3.2269643194596996e-15	5.330235458983459e-08	-1.635199013360009e-08	1.3845581573652748e-09	-5.4536978154900336e-08	3.833492261359978e-08	-1.6202055541300557e-08	1.444341727323369e-06	1.4281396717820684e-06
1.4433363901646258e-22	1.8779182209659204e-08	-6.245286420244466e-09	-6.299391576452306e-08	-2.094511012541347e-15	5.224678306469012e-14	6.2369061220506365e-15	-9.37699159087912e-15	-4.0112169460939226e-11	-4.635064650841877e-15	4.933416467381529e-08	-1.5115009208864024e-08	9.093353608794668e-10	-5.05000897674473e-08	3.5128490825830726e-08	-1.5371598941616575e-08	1.3368148920143886e-06	1.321443293072772e-06
1.4532835741078694e-22	1.7225157011589443e-08	-5.734724149607021e-09	-5.8298618324353257e-08	-1.8525427598907576e-15	4.385436550090337e-14	5.182030338309039e-15	-7.782526577351583e-15	-1.7162631434617398e-11	-5.6632292539304794e-15	4.566246728383061e-08	-1.3864204325785415e-08	4.756413273089552e-10	-4.6825314355708196e-08	3.227390428535415e-08	-1.4551410070354048e-08	1.2373222081091375e-06	1.2227707980387834e-06
1.4632307580511127e-22	1.5674912123426843e-08	-5.223870131140636e-09	-5.3934575437784525e-08	-1.6202060608432709e-15	3.685100073238936e-14	4.271204455407721e-15	-6.408156483504162e-15	1.0463503033740487e-11	-6.10716073248017e-15	4.2257877432281145e-08	-1.2616441967147657e-08	9.286188932241969e-11	-4.347304295578266e-08	2.9734297354455908e-08	-1.3738745601326754e-08	1.145067417080899e-06	1.1313286714795723e-06
1.4731779419943563e-22	1.4148560208096854e-08	-4.719367023325196e-09	-4.9871944698343626e-08	-1.4006060465809779e-15	3.0991621995189274e-14	3.4915021322070416e-15	-5.23372391785536e-15	3.2364989152338166e-11	-6.09090108916671e-15	3.909500740116723e-08	-1.1387910459919194e-08	-2.32339799804307e-10	-4.041036476652655e-08	2.7474757141443727e-08	-1.2935607625082821e-08	1.059362576659775e-06	1.0464269690346923e-06
1.4831251259375997e-22	1.2666001112254483e-08	-4.227845228681113e-09	-4.6085261713262774e-08	-1.1964586294471568e-15	2.6077239787908298e-14	2.830207031197562e-15	-4.239441543634919e-15	4.100431040823889e-11	-5.8948841472648955e-15	3.6151970621097585e-08	-1.0194626838886983e-08	-4.96016725474703e-10	-3.7606083942618666e-08	2.54613270567359e-08	-1.2144756885882767e-08	9.796146170539082e-07	9.674698601680255e-07
1.493072309880843e-22	1.1246321356345782e-08	-3.75561936242921e-09	-4.25528176743824e-08	-1.0099219365902567e-15	2.194617953177236e-14	2.2748421165365923e-15	-3.4060434523072018e-15	3.520568601456224e-11	-5.458843468897575e-15	3.3409925554697993e-08	-9.051953507181462e-09	-6.968725472333857e-10	-3.502689564823847e-08	2.366109950028314e-08	-1.1365796147955333e-08	9.053129812386005e-07	8.939471850906452e-07
1.5030194938240866e-22	9.904914958032242e-09	-3.308254932367794e-09	-3.925635592490049e-08	-8.423143342616327e-16	1.8467081913547327e-14	1.8131729182496822e-15	-2.7143197738114374e-15	1.899340017679064e-11	-4.897903691623428e-15	3.0853015440072063e-08	-7.972280840627259e-09	-8.375688474113761e-10	-3.264069067334222e-08	2.2043165752033425e-08	-1.0597524921308794e-08	8.360279919656572e-07	8.254304670443484e-07
1.51296667776733e-22	8.655481161600236e-09	-2.8904589376465117e-09	-3.6179865273375884e-08	-6.942877439220277e-16	1.5532518383517072e-14	1.4334337389885336e-15	-2.1462091300836113e-15	-3.2566392196167755e-13	-4.313656595958648e-15	2.846731276519652e-08	-6.9666351223512125e-09	-9.211687108504402e-10	-3.041515890154546e-08	2.057950893199487e-08	-9.835649969550592e-09	7.713822498820402e-07	7.615465999124896e-07
1.5229138617105735e-22	7.506951376356544e-09	-2.5057423276678605e-09	-3.330990179256103e-08	-5.656874962656286e-16	1.3054788078521304e-14	1.124392110268635e-15	-1.6842826986926326e-15	-1.6081138452479568e-11	-3.7004598568958815e-15	2.6241238865220677e-08	-6.042205092696666e-09	-9.546423196276326e-10	-2.8324765653574687e-08	1.9244391452896373e-08	-9.080374200678314e-09	7.110620032731758e-07	7.019816290724975e-07
1.5328610456538169e-22	6.465987936438387e-09	-2.156467880766423e-09	-3.063460955542759e-08	-4.5583116056286e-16	1.096165968359146e-14	8.755781905560642e-16	-1.3126738561790997e-15	-2.359554726982616e-11	-3.1192508872534626e-15	2.416464620573759e-08	-5.204353154073896e-09	-9.45841300673896e-10	-2.6348678097543477e-08	1.8014451750989804e-08	-8.334226346553673e-09	6.547922804673439e-07	6.464580541207902e-07
1.5428082295970605e-22	5.534194596117406e-09	-1.8436508200093863e-09	-2.814359801599546e-08	-3.634265209523019e-16	9.193449734125664e-15	6.7733134258921855e-16	-1.0165925714499227e-15	-2.2051425513888333e-11	-2.5854654639215224e-15	2.2228907417648948e-08	-4.454370150565973e-09	-9.040933485288496e-10	-2.4475099760104802e-08	1.6870443918554127e-08	-7.604655841550676e-09	6.023393023339357e-07	5.94734646492385e-07
1.5527554135403038e-22	4.7109065895504035e-09	-1.5671960851005804e-09	-2.582731599487984e-08	-2.8689466392666413e-16	7.700381665152152e-15	5.209744190925787e-16	-7.830104500716998e-16	-1.402613661134393e-11	-2.106373707547612e-15	2.0426241890434778e-08	-3.791721034915656e-09	-8.383640712143548e-10	-2.2697626581964087e-08	1.5796156784304762e-08	-6.901469797659325e-09	5.534922348274012e-07	5.465907650297419e-07
1.5627025974835474e-22	3.9920249771501985e-09	-1.3259533849167795e-09	-2.3676733649294345e-08	-2.244010346586791e-16	6.44065601855074e-15	3.988337261499076e-16	-6.003809087980272e-16	-3.738173955053812e-12	-1.6953750567599385e-15	1.874955508738181e-08	-3.2131066556836275e-09	-7.564808499391722e-10	-2.1014395911683242e-08	1.4779967581759008e-08	-6.234428329924234e-09	5.080588348341457e-07	5.018244065042215e-07
1.5726497814267907e-22	3.371290114603358e-09	-1.117930523166916e-09	-2.168350579653564e-08	-1.7405043047228026e-16	5.379121962180436e-15	3.0426289393173133e-16	-4.587755970947319e-16	4.986500510370528e-12	-1.3417932332184218e-15	1.7192456635947393e-08	-2.7134887488197265e-09	-6.664226160489386e-10	-1.9425155995823235e-08	1.3812545271078728e-08	-5.612610724744506e-09	4.658659403197407e-07	4.602533295949962e-07
1.5825969653700343e-22	2.841147216934574e-09	-9.405646424646828e-10	-1.9839304279177054e-08	-1.339926980527789e-16	4.485854552816292e-15	2.316292409037116e-16	-3.4983920479392185e-16	9.803069978370598e-12	-1.0507478896034804e-15	1.5748702279019477e-08	-2.2867866142207186e-09	-5.738459532922214e-10	-1.792891545182478e-08	1.2888069711506536e-08	-5.040845740318243e-09	4.2674434877772005e-07	4.217035030374018e-07
1.5925441493132777e-22	2.3924190909664122e-09	-7.908573239819448e-10	-1.813612254120465e-08	-1.0246695474256095e-16	3.735430833446293e-15	1.7622739962183902e-16	-2.6655237450660564e-16	1.007318186736514e-11	-8.131641168283966e-16	1.4412435995602568e-08	-1.925613704325284e-09	-4.836297955743005e-10	-1.6524484862878034e-08	1.2003192495702982e-08	-4.5212923671750515e-09	3.905353779677321e-07	3.8601408560055705e-07
1.6024913332565212e-22	2.016239489595657e-09	-6.656811020275549e-10	-1.656598446512944e-08	-7.791883238972298e-17	3.10610513225926e-15	1.3421840588705558e-16	-2.032628306225057e-16	6.9685003774320724e-12	-6.188028621060008e-16	1.3177830956279388e-08	-1.6228337452211952e-09	-3.9906277502668683e-10	-1.5208455236844893e-08	1.1155934436031507e-08	-4.052520800813386e-09	3.570811368168471e-07	3.530286160160337e-07
1.6124385171997646e-22	1.7033580732161143e-09	-5.618759922845107e-10	-1.512101300382242e-08	-5.89730006798923e-17	2.579282588719717e-15	1.0250779234356387e-16	-1.5537901427861375e-16	2.519622192362827e-12	-4.678422003590218e-16	1.2039188575151802e-08	-1.3710013131841397e-09	-3.2217789378221043e-10	-1.3977009301102286e-08	1.0346009368185451e-08	-3.6309999329168347e-09	3.26227209417286e-07	3.225962094843691e-07
1.6223857011430082e-22	1.4447035849594528e-09	-4.763931015738557e-10	-1.3793462329455007e-08	-4.445538027533595e-17	2.1390657179606725e-15	7.864161506195079e-17	-1.1924377455472872e-16	-1.3992689784636976e-12	-3.480011120210761e-16	1.0990918847075967e-08	-1.1628151241243098e-09	-2.5405465212613733e-10	-1.2826549409040806e-08	9.57404907082552e-09	-3.2525003382152866e-09	2.9782212220176814e-07	2.9456962186355287e-07
1.6323328850862515e-22	1.2323945020673058e-09	-4.0644180510507564e-10	-1.2575683220248693e-08	-3.341092654231498e-17	1.771855765170094e-15	6.070939245160827e-17	-9.204014023836216e-17	-3.7208293015912645e-12	-2.544539232274255e-16	1.0027438692221053e-08	-9.91931488276689e-10	-1.9489466796684884e-10	-1.175344989992789e-08	8.840612535977518e-09	-2.9128373639503725e-09	2.717145893574924e-07	2.6880175199354204e-07
1.642280069029495e-22	1.0590100779839315e-09	-3.494879909733234e-10	-1.146022534250331e-08	-2.5053511584632104e-17	1.4660586248961378e-15	4.723460928401324e-17	-7.1564586700236e-17	-4.1191175701044395e-12	-1.8455574378842235e-16	9.143300528781593e-09	-8.52377585633719e-10	-1.443611867284339e-10	-1.0754821140943409e-08	8.146561756419441e-09	-2.6082593845239678e-09	2.4775699676002016e-07	2.451487373754962e-07
1.6522272529727384e-22	9.180015052434594e-10	-3.032984306594956e-10	-1.0439904646012188e-08	-1.875677915991622e-17	1.2118153603621038e-15	3.7091020965971725e-17	-5.613219462385757e-17	-2.9978687440852504e-12	-1.3024828686774256e-16	8.333210878544664e-09	-7.388824034320492e-10	-1.0193761958019428e-10	-9.82819839640319e-09	7.492390855532419e-09	-2.3358075408707708e-09	2.2580590611736508e-07	2.2347009857649432e-07
1.662174436915982e-22	8.038380183866504e-10	-2.6596703309293503e-10	-9.507716199577194e-09	-1.4031362564771235e-17	1.0007391725918862e-15	2.9430455765684094e-17	-4.4474157131040105e-17	-1.2140513057219902e-12	-8.978675457692069e-17	7.59195565911568e-09	-6.469943317730257e-10	-6.657245389239022e-11	-8.971058383711843e-09	6.878388873450264e-09	-2.092669510261579e-09	2.0572003059439115e-07	2.0362736108412958e-07
1.6721216208592254e-22	7.11747067752811e-10	-2.3587029633719376e-10	-8.657018802610903e-09	-1.0496139771297746e-17	8.25743776307789e-16	2.3616361379451928e-17	-3.5631608184326296e-17	3.9931626938855034e-13	-6.043207539764552e-17	6.914555017455657e-09	-5.728720343943614e-10	-3.740493589640654e-11	-8.180741972125583e-09	6.304278047164891e-09	-1.8764639249606915e-09	1.8736443034430357e-07	1.8548796641934289e-07
1.682068804802469e-22	6.377034039158104e-10	-2.116557973247521e-10	-7.881468248998225e-09	-7.857882242421264e-18	6.808428923715445e-16	1.9175224418939794e-17	-2.888677285802239e-17	1.397019653486083e-12	-3.823304673800218e-17	6.296215419249012e-09	-5.132756629898032e-10	-1.3468056436343249e-11	-7.454022997713268e-09	5.769471699822868e-09	-1.6845512978904007e-09	1.7060921426097098e-07	1.6892466296308057e-07
1.6920159887457123e-22	5.783096765135447e-10	-1.9220537494493229e-10	-7.175058476555021e-09	-5.8924693321152696e-18	5.609974991494776e-16	1.5756014400164e-17	-2.370343595623219e-17	1.65950940841953e-12	-2.253957923238974e-17	5.732368771541667e-09	-4.654707534611925e-10	6.1599279442928084e-12	-6.7872941409599616e-09	5.2730579460247674e-09	-1.5142361949351942e-09	1.55330600082297e-07	1.538163638873618e-07
1.7019631726889557e-22	5.307970756448485e-10	-1.7660505812681933e-10	-6.532170845025442e-09	-4.431237487070851e-18	4.619811990618849e-16	1.3099494358988385e-17	-1.9685657285037047e-17	1.3139390180876363e-12	-1.1657108238459287e-17	5.218708531585037e-09	-4.27228742200218e-10	2.21438944763853e-11	-6.176664449182633e-09	4.813623683861205e-09	-1.3630407653214282e-09	1.4141189282946927e-07	1.4004885206414785e-07
1.7119103566321992e-22	4.929418976150395e-10	-1.6411859178695453e-10	-5.947492407320469e-09	-3.347469373222714e-18	3.802485976063649e-16	1.1014878966333969e-17	-1.6541987353611476e-17	6.852272732690192e-13	-3.741190441726017e-18	4.751135946713101e-09	-3.967598114275163e-10	3.524820877797525e-11	-5.617983506586286e-09	4.38962434406356e-09	-1.228359162522726e-09	1.287420280582569e-07	1.275136688957342e-07
1.7218575405754426e-22	4.628382686961405e-10	-1.5413986199450683e-10	-5.416116539991542e-09	-2.5452217694194216e-18	3.128430015411953e-16	9.360681458024205e-18	-1.4053735172029632e-17	1.1510270163798776e-13	1.2828544469291715e-18	4.325850050971833e-09	-3.725299587724569e-10	4.5895471563462186e-11	-5.10730272370069e-09	3.999215563762838e-09	-1.1080871599378525e-09	1.1721801050291134e-07	1.1610992334297348e-07
1.7318047245186862e-22	4.3891648779545153e-10	-1.4617619242511102e-10	-4.933442383763204e-09	-1.952541638119809e-18	2.572954178487869e-16	8.03229590148738e-18	-1.205910157983089e-17	-2.457714571926993e-13	4.38783760364027e-18	3.9392721475043585e-09	-3.5327576096090845e-10	5.456497610860341e-11	-4.640947604146147e-09	3.6405613626520535e-09	-1.0003862414940932e-09	1.0674286776387194e-07	1.0574248152237785e-07
1.7417519084619295e-22	4.1995808766583206e-10	-1.3982832557755824e-10	-4.495222325976514e-09	-1.5163378775919436e-18	2.1155226496377215e-16	6.952304156521585e-18	-1.044021783992747e-17	-3.8162231826022837e-13	6.444372609252907e-18	3.5880790092262013e-09	-3.3801649631552435e-10	6.155166456276654e-11	-4.215473973214114e-09	3.3116141774734437e-09	-9.038597957406702e-10	9.722654994696193e-08	9.632269015122126e-08
1.751699092405173e-22	4.048842345903805e-10	-1.347597668150453e-10	-4.0975352905981705e-09	-1.1963306060077668e-18	1.739078335972752e-16	6.06267671190651e-18	-9.10762269067365e-18	-3.4661407950011295e-13	7.168577759295413e-18	3.2691977270268997e-09	-3.2588383158441433e-10	6.703004281594127e-11	-3.827757260067202e-09	3.010343938258428e-09	-8.174133218087738e-10	8.858579006205798e-08	8.776837674024921e-08
1.7616462763484164e-22	3.9276095788026457e-10	-1.3068360006298974e-10	-3.736751483465526e-09	-9.622295259589738e-19	1.429463645210834e-16	5.319806088798283e-18	-7.994163514651327e-18	-2.4805516164734697e-13	7.349169933951062e-18	2.9797785660350634e-09	-3.161260310722269e-10	7.114768118273958e-11	-3.4749220341509507e-09	2.7348002161455756e-09	-7.401218180053751e-10	8.074336850438965e-08	8.000324668638428e-08
1.77159346029166e-22	3.828396860501209e-10	-1.2735548415882167e-10	-3.409522861550328e-09	-7.916188596147649e-19	1.1749460395202942e-16	4.690972815418612e-18	-7.050699747193087e-18	-1.9868374575106944e-13	7.168578320418652e-18	2.7171842723871755e-09	-3.081405834621525e-10	7.40153815530267e-11	-3.1542372218929425e-09	2.4830590704780497e-09	-6.711781514148928e-10	7.362782329720962e-08	7.295664514579472e-08
1.7815406442349034e-22	3.7447974967687565e-10	-1.2456224713560987e-10	-3.1127843418801224e-09	-6.67722915398042e-19	9.658221558811335e-17	4.151473327075061e-18	-6.240424880183674e-18	-2.034356511509919e-13	6.4022254718453636e-18	2.4789954770097553e-09	-3.0141182580356167e-10	7.563366162532462e-11	-2.8630701747622403e-09	2.253217312831518e-09	-6.098528619307225e-10	6.71735965171896e-08	6.656374365525888e-08
1.791487828178147e-22	3.6703243275313785e-10	-1.2210501674217956e-10	-2.8437065130015682e-09	-5.775690919717673e-19	7.940678801244291e-17	3.6823060166188736e-18	-5.5342760333706845e-18	-2.1888164701507871e-13	5.697379364036744e-18	2.262983032576471e-09	-2.9541761859256237e-10	7.601835971222752e-11	-2.5989978959629967e-09	2.0435837736961368e-09	-5.554141222668599e-10	6.132028470487949e-08	6.076487058261263e-08
1.8014350121213903e-22	3.600403936839639e-10	-1.1981402064662463e-10	-2.5996942148833225e-09	-5.118013645935389e-19	6.530540949231305e-17	3.269373699931803e-18	-4.912223910318318e-18	-1.9618152006131262e-13	4.7878548479077085e-18	2.067092348398491e-09	-2.897898560463267e-10	7.518581442886845e-11	-2.359663955427432e-09	1.8524883067810335e-09	-5.071756486463985e-10	5.601221438462017e-08	5.550503873597377e-08
1.8113821960646339e-22	3.5299130002606864e-10	-1.1752643012022533e-10	-2.3783631239290962e-09	-4.630483111825263e-19	5.373120980785136e-17	2.9017702206120517e-18	-4.3577416650150875e-18	-1.0587852013296525e-13	3.767586695599646e-18	1.8894421194545314e-09	-2.841161712615056e-10	7.314540719267688e-11	-2.143004076963609e-09	1.678471355385703e-09	-4.6453272157790613e-10	5.1198407624115826e-08	5.073387490253792e-08
1.8213293800078772e-22	3.4550278562512117e-10	-1.1510365031517893e-10	-2.1775339950771277e-09	-4.259719168457812e-19	4.423321767273301e-17	2.5715035246017062e-18	-3.8593981535855066e-18	6.01809552484128e-14	2.937645228652295e-18	1.7283066344520088e-09	-2.7808880479509425e-10	6.991102648293103e-11	-1.9470746333549405e-09	1.5201288561398458e-09	-4.269457772150947e-10	4.6832102633459504e-08	4.640515685624441e-08
1.8312765639511208e-22	3.3723953924755514e-10	-1.124236905170523e-10	-1.995204254470192e-09	-3.9652760213252797e-19	3.643971712461561e-17	2.272617869275214e-18	-3.4086080949454536e-18	2.395484906576108e-13	1.9843737159705294e-18	1.5820997816431302e-09	-2.7143787083803226e-10	6.555833760890244e-11	-1.7701488203574585e-09	1.3762202484140002e-09	-3.939285719434583e-10	4.287032036852311e-08	4.247639179657965e-08
1.8412237478943641e-22	3.279216957911098e-10	-1.0938601765215124e-10	-1.8295454871333162e-09	-3.717189344049925e-19	3.004467603234111e-17	2.0007873974439698e-18	-2.999019483338895e-18	3.552801477199775e-13	1.1850622513664828e-18	1.4493718070736942e-09	-2.6393811114600826e-10	6.018493973697872e-11	-1.6106544989868502e-09	1.2456186356646648e-09	-3.650358633221854e-10	3.9273776688427305e-08	3.890874082510512e-08
1.8511709318376077e-22	3.1732302738313555e-10	-1.0591266746472259e-10	-1.6788837982493925e-09	-3.49343420628061e-19	2.479620935776788e-17	1.752901811950954e-18	-2.6259187073110576e-18	3.541932254163601e-13	4.979065024071171e-19	1.3287942924130217e-09	-2.55407439088391e-10	5.395066890974781e-11	-1.4671192210338075e-09	1.1273375222343785e-09	-3.39781698799429e-10	3.600647529787079e-08	3.566669359907136e-08
1.861118115780851e-22	3.053597568345566e-10	-1.0196009533484504e-10	-1.5417008465663501e-09	-3.279726147647059e-19	2.0487216344785554e-17	1.5268995562197944e-18	-2.2864517518684866e-18	2.3089066275267234e-13	-1.847578246684989e-19	1.2191542518934296e-09	-2.457784239560365e-10	4.705172713179747e-11	-1.3380702751889527e-09	1.0204275550691905e-09	-3.176427201197622e-10	3.303554779097736e-08	3.27179050708576e-08
1.8710652997240947e-22	2.919651609852416e-10	-9.750898747243419e-11	-1.4166136196221052e-09	-3.0659836604426393e-19	1.694753625164002e-17	1.3212817454033945e-18	-1.9781163126764076e-18	2.0305554496333352e-14	-6.682500605158512e-19	1.119346950409002e-09	-2.3499736151228897e-10	3.9726881131488595e-11	-1.2221371252389483e-09	9.240764700282018e-10	-2.980606552107465e-10	3.033105904231962e-08	3.0032998387108874e-08
1.881012483667338e-22	2.7718752581591755e-10	-9.257470678121341e-11	-1.3023761251440545e-09	-2.8469915736418234e-19	1.4037522832521042e-17	1.1350465823664695e-18	-1.6992803152784174e-18	-1.9372906584477717e-13	-1.1107287173681618e-18	1.028369887256243e-09	-2.2310311625211441e-10	3.223172690727786e-11	-1.1179570230973343e-09	8.374984979114064e-10	-2.804585251859279e-10	2.7865844183507037e-08	2.758538565832111e-08
1.8909596676105816e-22	2.6118010199501054e-10	-8.720435996001586e-11	-1.197865622487614e-09	-2.6211769780589777e-19	1.1642660300340686e-17	9.674534801017598e-19	-1.4487784711926208e-18	-3.281135935466952e-13	-1.4566478397692435e-18	9.453126460144632e-10	-2.1021903680767958e-10	2.4849720955608965e-11	-1.0242179846035965e-09	7.599433301623925e-10	-2.6427465444120394e-10	2.5615233564177024e-08	2.535095890973582e-08
1.900906851553825e-22	2.4412647643430417e-10	-8.146985611542769e-11	-1.1020828389657112e-09	-2.38917697162361e-19	9.669244221892041e-18	8.178231381567967e-19	-1.225313819026473e-18	-3.3637724865178517e-13	-1.6800927671257405e-18	8.693612945404439e-10	-1.964928888929788e-10	1.7820561048897215e-11	-9.397625885527431e-10	6.906889666963623e-10	-2.490736218563808e-10	2.3557171978954704e-08	2.3308098357098325e-08
1.9108540354970685e-22	2.2631481946680308e-10	-7.546786087744277e-11	-1.0141373316559762e-09	-2.1539692042918586e-19	8.04063058147613e-18	6.854803921328007e-19	-1.0278174668651408e-18	-2.2340461075127798e-13	-1.8755354884995317e-18	7.997819699061612e-10	-1.821566154850567e-10	1.1380728919004301e-11	-8.635137720700059e-10	6.290060833401089e-10	-2.3450768872989705e-10	2.1671773866708736e-08	2.1437266177978838e-08
1.9208012194403119e-22	2.0803867158571437e-10	-6.930755178909579e-11	-9.332455866982268e-10	-1.919341979173939e-19	6.694283405720593e-18	5.696185271015951e-19	-8.549045423609323e-19	-3.637027679992534e-14	-1.9756416326737415e-18	7.359254324215398e-10	-1.6744648190392835e-10	5.699655691128222e-12	-7.945508329369867e-10	5.741786062087398e-10	-2.2037222672824698e-10	1.9941446711273388e-08	1.972107448454514e-08
1.9307484033835552e-22	1.8964180340266596e-10	-6.310662438463417e-11	-8.587170440048401e-10	-1.6898554338843806e-19	5.579199055459461e-18	4.692983749804334e-19	-7.051445948271972e-19	1.4659676927015267e-13	-2.0377398427532512e-18	6.772131317582416e-10	-1.526391827638038e-10	9.115088534639743e-13	-7.320352650809106e-10	5.254854578479018e-10	-2.0654980723300874e-10	1.835051347369777e-08	1.814396366646476e-08
1.9406955873267988e-22	1.7143639453157778e-10	-5.6979680493564224e-11	-7.899537990359697e-10	-1.4697662930186863e-19	4.653893345718959e-18	3.834110824295082e-19	-5.767899453436619e-19	2.5758482448552987e-13	-2.0773327516538537e-18	6.231419093498186e-10	-1.3798598566883553e-10	-2.9406784975709897e-12	-6.752394979372655e-10	4.82215245183412e-10	-1.9302425275385345e-10	1.688534001359741e-08	1.669231576084356e-08
1.9506427712700421e-22	1.5374500729729546e-10	-5.103443780109097e-11	-7.264353149409477e-10	-1.2630917974480396e-19	3.88460914849271e-18	3.107266759548763e-19	-4.680435125820625e-19	2.656657348465209e-13	-2.088256412155607e-18	5.732693633939382e-10	-1.2374651507538722e-10	-5.8633335505732804e-12	-6.2345907819717e-10	4.4365951476797776e-10	-1.797995634291922e-10	1.5533938523068473e-08	1.535413895963928e-08
1.9605899552132857e-22	1.368158197951428e-10	-4.536099502533411e-11	-6.67711111720598e-10	-1.072709220022656e-19	3.2438999023542515e-18	2.49901192594214e-19	-3.7687044247448607e-19	1.8074631289657368e-13	-2.1314108645549015e-18	5.272138173335299e-10	-1.1012052494815369e-10	-7.924158468151415e-12	-5.760755397596437e-10	4.091691339172248e-10	-1.669064058424189e-10	1.4285966672574111e-08	1.4119060266731692e-08
1.970537139156529e-22	1.2086269158868957e-10	-4.003146500820005e-11	-6.133887507462432e-10	-9.006490062827349e-20	2.709417242897741e-18	1.9955278446243179e-19	-3.0124411683667713e-19	4.461212310643213e-14	-2.234099324742008e-18	4.846423071786075e-10	-9.728014689975682e-11	-9.220213066609885e-12	-5.325129117590855e-10	3.781419472122408e-10	-1.5437096454684468e-10	1.313240210214039e-08	1.2978031137593544e-08
1.9804843230997726e-22	1.0605338534966144e-10	-3.509790734955754e-11	-5.631269802665965e-10	-7.480161132902074e-20	2.2629491036345384e-18	1.583099031442588e-19	-2.3917809394749155e-19	-8.476829095613456e-14	-2.586939404918004e-18	4.4526593255851577e-10	-8.53604100063256e-11	-9.87635681678479e-12	-4.922562710371088e-10	3.500291657354053e-10	-1.4222710530170344e-10	1.20654164483151e-08	1.1923189343013396e-08
